17560.31834233175	750	4.0	4.043612194844198	450283	4043.6121948441983	0.16112617	-16.63753243783005
17561.97480073886	300	6.343541592888147	0.0	155580	1656.458407111853	0.71385306	-0.15000000000000002
17563.2434918666	300	9.07485046514876	0.0	139857	1268.6911277393874	0.27122438	0.3
17564.42145658741	300	11.896885744338519	0.0	155432	1177.9647208102417	0.31853357	0.3
17565.5315785971	300	14.786763734651103	0.0	163442	1110.122009687414	0.86636007	0.3
17567.54907495824	750	16.769267373512527	0.0	318564	2017.496361138576	1.0908711	0.3
17571.072630822946	750	17.24571150880523	0.0	352642	3523.5558647072994	0.5919227	0.75
17575.67036910643	750	16.647973225323533	0.0	437162	4597.738283481694	0.3242819	0.75
17580.628904437654	750	15.689437894096738	0.0	374758	4958.535331226796	0.4071419	0.75
17584.88062054437	750	15.437721787380127	0.0	362795	4251.716106716611	0.3347597	0.75
17587.237130219608	750	17.081212112141802	0.0	353220	2356.509675238326	0.28867742	0.75
17589.95598776409	750	18.362354567660244	0.0	405134	2718.8575444815597	0.34016842	0.75
17592.875339594662	750	19.44300273708777	0.0	386351	2919.3518305724756	0.2874653	0.75
17597.496729472914	750	18.82161285883748	0.0	434409	4621.389878250293	0.31526938	0.75
17600.374195336444	750	19.94414699530892	0.0	337059	2877.46586352856	0.42871246	0.75
17602.68684827805	750	21.63149405370209	0.0	366214	2312.6529416068274	0.40892595	0.75
17605.49776370275	750	22.820578629001222	0.0	360831	2810.915424700869	0.5122112	0.75
17610.944264041977	750	21.374078289777184	0.0	372963	5446.500339224038	0.4314564	0.75
17616.915146841224	750	19.40319549052865	0.0	405596	5970.882799248538	0.523791	0.75
17620.317226020223	750	20.001116311528737	0.0	350713	3402.079178999909	0.56507427	0.75
17624.016725896796	750	20.30161643495841	0.0	386472	3699.4998765703276	0.5237347	0.75
17627.283691688037	750	21.03465064371414	0.0	399894	3266.96579124427	0.31586048	0.75
17634.15324283467	750	18.1650994970838	0.0	401853	6869.5511466303415	0.34196386	0.75
17637.73725411033	750	18.581088221424512	0.0	343800	3584.0112756592894	0.70477384	0.75
17643.788807266377	750	16.529535065375274	0.0	359903	6051.553156049233	0.33276194	0.75
17650.90084909523	750	13.417493236523992	0.0	379700	7112.041828851285	0.66354895	0.75
17654.210251918525	750	14.108090413229741	0.0	425781	3309.402823294252	0.7247162	0.75
17656.993039076122	750	15.325303255632553	0.0	277716	2782.7871575971885	0.32735983	0.75
17661.112717427866	750	15.205624903891342	0.0	400396	4119.67835174121	0.4598284	0.75
17666.60615001533	750	13.712192316424701	0.0	400508	5493.43258746664	0.44341543	0.75
17671.275813419103	750	13.042528912651772	0.0	358218	4669.663403772931	0.57247317	0.75
17673.098092565666	750	15.220249766087635	0.0	400322	1822.2791465641371	0.50933546	0.75
17674.54125807351	750	17.777084258246557	0.0	369834	1443.1655078410802	0.96113044	0.75
17676.324995609863	750	19.993346721894167	0.0	412837	1783.7375363523913	1.1981941	0.75
17678.028815871006	750	22.289526460746913	0.0	401088	1703.820261147251	1.2494239	0.75
17682.271697119962	1850	22.04664521179118	0.0	943942	4242.881248955734	1.3154469	0.75
17684.87945076897	1850	23.43889156278383	0.0	728962	2607.753649007352	0.7054922	1.85
17688.01080333326	1850	24.307538998494984	0.0	938587	3131.352564288845	0.53241855	1.85
17691.05593000262	1850	25.262412329134513	0.0	908665	3045.1266693604707	0.75012124	1.85
17700.645124585426	1850	19.673217746330874	0.0	930577	9589.19458280364	0.8653297	1.85
17707.44089900569	1850	16.877443326065222	0.0	858450	6795.774420265651	0.7537657	1.85
17711.615216208174	1850	16.703126123583584	0.0	1025005	4174.317202481636	0.7761588	1.85
17714.940937492076	1850	17.377404839680462	0.0	886255	3325.7212839031226	0.7951028	1.85
17718.469977385834	1850	17.848364945924068	0.0	973972	3529.0398937563937	0.56406283	1.85
17722.443486480464	1850	17.874855851296335	0.0	958994	3973.509094627734	0.79575986	1.85
17729.153203655853	1850	15.165138675904476	0.0	982064	6709.717175391858	0.5621996	1.85
17734.370310828832	1850	13.948031502928078	0.0	830730	5217.107172976399	0.6058603	1.85
17738.831051868226	1850	13.487290463533812	0.0	846370	4460.741039394265	0.45220673	1.85

