14093.127111069489	750	4.0	2.8598146493896546	450283	2859.8146493896547	0.69967604	-11.547202992375514
14095.005809781745	750	6.121301287744215	0.0	398865	1878.6987122557848	0.59324616	0.75
14096.5695986162	750	8.55751245328761	0.0	350812	1563.788834456606	0.60357535	0.75
14098.721037249437	750	10.406073820053155	0.0	382355	2151.438633234453	0.6398389	0.75
14100.699027736013	750	12.428083333477735	0.0	411561	1977.9904865754206	0.6873236	0.75
14102.214170066729	750	14.912941002760196	0.0	318564	1515.1423307175398	0.9131097	0.75
14103.6026977962	750	17.524413273289525	0.0	352642	1388.5277294706684	0.9546415	0.75
14105.051067956489	750	20.07604311299949	0.0	437162	1448.370160290039	0.9573694	0.75
14107.03078621246	1200	22.096324857028552	0.0	584846	1979.7182559709383	1.1970676	0.75
14108.904077928963	1200	24.223033140526187	0.0	560821	1873.2917165023646	0.797122	1.2
14111.480428648852	1200	25.64668242063616	0.0	607410	2576.350719890025	0.84873974	1.2
14114.651149273488	1200	26.47596179599946	0.0	594078	3170.7206246366995	0.64601815	1.2
14117.408759855276	1200	27.718351214211452	0.0	624282	2757.610581788008	0.52438605	1.2
14120.823730582062	1200	28.3033804874253	0.0	687371	3414.9707267861536	0.5481176	1.2
14124.115793909017	1200	29.011317160470597	0.0	526950	3292.063326954703	0.76455986	1.2
14127.172677994371	1200	29.95443307511643	0.0	587876	3056.884085354164	0.4457219	1.2
14130.904395359486	1200	30.22271571000076	0.0	617242	3731.717365115672	0.55384964	1.2
14134.173263589664	1200	30.953847479824372	0.0	581493	3268.868230176387	0.40333122	1.2
14137.54905001063	1200	31.57806105885887	0.0	639204	3375.7864209655004	0.42296714	1.2
14139.73128745508	1200	33.395823614406936	0.0	586839	2182.2374444519382	0.70600075	1.2
14142.419087608136	1200	34.70802346135152	0.0	601738	2687.8001530554175	0.9919573	1.2
14145.05656222363	1200	36.07054884585773	0.0	616206	2637.474615493794	0.9058597	1.2
14147.983806917227	1200	37.14330415225991	0.0	656471	2927.244693597822	0.98960596	1.2
14150.287866961122	1200	38.839244108365605	0.0	536667	2304.0600438943025	1.0277448	1.2
14154.703551089411	1200	38.42355998007644	0.0	587236	4415.68412828917	1.1261398	1.2
14156.926188001818	1200	40.20092306766944	0.0	590335	2222.6369124069993	0.721994	1.2
14160.090516231909	1200	41.036594837579784	0.0	696376	3164.328230089659	1.1864549	1.2
14163.10414779346	1850	42.02296327603097	0.0	758197	3013.631561548812	1.1838956	1.2000000000000002
14167.236524611168	1850	41.89058645832168	0.0	972798	4132.376817709297	0.7536858	1.85
14171.107712729852	1850	42.01939833963688	0.0	975811	3871.188118684798	0.7770332	1.85
14174.429943425399	1850	42.69716764409085	0.0	873429	3322.230695546031	0.79940677	1.85
14177.729039696558	1850	43.398071372931234	0.0	954453	3299.0962711596135	0.7851593	1.85
14181.575229622775	1850	43.55188144671413	0.0	885062	3846.1899262171096	0.7676044	1.85
14185.896299771568	1850	43.2308112979204	0.0	1035329	4321.070148793733	0.786027	1.85
14189.7186093729	1850	43.40850169658984	0.0	1026056	3822.3096013305553	0.7803727	1.85
14193.310200201166	1850	43.816910868324534	0.0	943942	3591.590828265302	0.8514792	1.85
14196.203244972425	1850	44.923866097065556	0.0	728962	2893.0447712589844	0.89648676	1.85
14200.394196518282	1850	44.73291455120842	0.0	938587	4190.951545857138	0.8167413	1.85
14204.996695416046	1850	44.13041565344336	0.0	908665	4602.498897765054	0.9217045	1.85
14208.35646786046	1850	44.77064320902857	0.0	930577	3359.7724444147902	0.87367725	1.85
14211.064770554454	1850	46.062340515033114	0.0	858450	2708.302693995453	0.90368104	1.85
14215.51493296222	1850	45.61217810726827	0.0	1025005	4450.162407764847	0.9998888	1.85
14219.57165929439	1850	45.55545177509864	0.0	886255	4056.726332169632	1.0050135	1.85
14222.778082201201	1850	46.3490288682862	0.0	973972	3206.42290681245	0.9855738	1.85
14231.729400882894	4300	41.39771018659338	0.0	2124950	8951.318681692817	1.0628576	1.8499999999999996
14243.72731501226	4300	33.39979605722756	0.0	2246506	11997.914129365816	0.29531094	4.3
14257.166089985974	4300	23.96102108351203	0.0	1961140	13438.774973715534	0.19100854	4.3
14272.929505540093	4300	12.197605529392627	0.0	2155012	15763.415554119403	1.0947796	4.3

