9411.344448046006	750	4.0	4.316718207694552	450283	4316.718207694552	0.59854376	-17.81188829308657
9412.139856074411	300	7.204591971595131	0.0	155580	795.4080284048688	0.67706704	-0.15000000000000002
9414.295274511256	750	9.049173534751091	0.0	350812	2155.41843684404	1.1711763	0.3
9416.939577826126	750	10.404870219880664	0.0	382355	2644.303314870427	0.47040185	0.75
9420.54625602887	750	10.798192017136937	0.0	411561	3606.678202743728	0.5373996	0.75
9423.549883820077	750	11.794564225930483	0.0	318564	3003.6277912064543	0.42369488	0.75
9426.717207406286	750	12.627240639722427	0.0	352642	3167.323586208056	0.3967617	0.75
9432.922114820029	750	10.422333225980895	0.0	437162	6204.907413741532	0.36934263	0.75
9438.731671878197	750	8.612776167812365	0.0	374758	5809.55705816853	0.7103748	0.75
9443.057120426462	750	8.287327619546698	0.0	362795	4325.448548265667	0.7089766	0.75
9446.499748203814	750	8.844699842193858	0.0	353220	3442.6277773528373	0.62850255	0.75
9450.37018265205	750	8.97426539395818	0.0	405134	3870.4344482356773	0.54629105	0.75
9453.882162143607	750	9.462285902402542	0.0	386351	3511.979491555639	0.5148428	0.75
9458.150972861	750	9.193475185010431	0.0	434409	4268.810717392111	0.5374286	0.75
9462.695131503966	750	8.6493165420447	0.0	337059	4544.15864296573	0.48979685	0.75
9468.218646885498	750	7.1258011605132054	0.0	366214	5523.515381531495	0.69032973	0.75
9469.725614886607	300	9.61883315940337	0.0	143509	1506.9680011098344	0.70821375	-0.15000000000000002
9471.823759569179	300	11.520688476833008	0.0	150616	2098.1446825703615	0.43447813	0.3
9474.11555050142	300	13.228897544593277	0.0	165384	2291.7909322397322	0.30001202	0.3
9476.636413607495	300	14.708034438518345	0.0	140881	2520.863106074932	0.46508196	0.3
9479.080674657473	300	16.263773388540486	0.0	157671	2444.2610499778602	0.2902147	0.3
9481.29129970285	300	18.05314834316188	0.0	157812	2210.625045378605	0.31648484	0.3
9484.388771405476	300	18.955676640535025	0.0	163927	3097.471702626855	0.35826448	0.3
9487.356764091452	300	19.987683954561543	0.0	137654	2967.992685973479	0.33732834	0.3
9489.098114590266	300	22.246333455744885	0.0	146754	1741.350498816657	0.3182245	0.3
9490.963971303168	300	24.380476742842188	0.0	153938	1865.8567129027006	0.44915044	0.3
9493.241723455467	300	26.102724590545463	0.0	181901	2277.7521522967236	0.52540886	0.3
9494.547618207209	300	28.796829838802317	0.0	111155	1305.8947517431457	0.8724279	0.3
9496.132849963493	300	31.21159808251805	0.0	153605	1585.2317562842652	0.8240094	0.3
9497.814954286854	300	33.52949375915634	0.0	149029	1682.1043233617206	1.1256944	0.3
9502.972798588782	750	32.37164945722781	0.0	358218	5157.844301928526	1.2863053	0.3
9506.273118887759	750	33.07132915825191	0.0	400322	3300.320298975896	0.4819054	0.75
9509.277158568178	750	34.0672894778305	0.0	369834	3004.0396804214192	0.87131965	0.75
9513.578029741642	750	33.76641830436672	0.0	412837	4300.8711734637845	0.9166828	0.75
9516.433011452973	750	34.911436593036264	0.0	401088	2854.981711330454	0.57644945	0.75
9518.865724986645	750	36.478723059363766	0.0	365161	2432.713533672497	1.0584831	0.75
9521.64058452155	750	37.70386352445829	0.0	321064	2774.8595349054735	1.2638162	0.75
9524.220405670661	750	39.12404237534665	0.0	361565	2579.821149111648	1.0620114	0.75
9526.733790200584	750	40.61065784542465	0.0	378327	2513.384529921998	1.2549914	0.75
9529.356270990167	750	41.988177055840985	0.0	390680	2622.480789583664	1.3207985	0.75
9531.45486175956	750	43.88958628645028	0.0	345516	2098.590769390698	1.3257781	0.75
9537.83947349318	1850	41.504974552827626	0.0	1025005	6384.611733622659	1.428522	0.75
9543.264878022303	1850	40.0795700237066	0.0	886255	5425.404529121018	0.8629105	1.85
9548.326899029411	1850	39.01754901659671	0.0	973972	5062.021007109893	0.7483175	1.85
9553.332156545343	1850	38.012291500664844	0.0	958994	5005.2575159318685	0.8067755	1.85
9558.035953692286	1850	37.30849435372205	0.0	982064	4703.797146942801	0.72925335	1.85
9561.916484890602	1850	37.42796315540502	0.0	830730	3880.5311983170345	0.88268095	1.85
9566.500048327836	1850	36.8443997181701	0.0	846370	4583.563437234908	0.6254161	1.85

