160.36504202692532	750	4.0	2.3226168467032533	450283	2322.6168467032535	0.62125725	-9.237252440823989
163.16044500736825	750	5.204597019557097	0.0	398865	2795.4029804429024	0.49119127	0.75
165.44908760677174	750	6.915954420153612	0.0	350812	2288.642599403485	0.35765517	0.75
168.0961460576262	750	8.268895969299136	0.0	382355	2647.0584508544766	0.3727806	0.75
171.77117770773583	750	8.593864319189526	0.0	411561	3675.03165010961	0.37899113	0.75
175.0024411734461	750	9.362600853479242	0.0	318564	3231.263465710285	0.4482271	0.75
180.81671067735618	750	7.548331349569153	0.0	352642	5814.269503910088	0.36610532	0.75
188.22016980697626	750	4.1448722199491135	0.0	437162	7403.459129620041	0.722669	0.75
189.5471143150635	300	6.81792771186185	0.0	150710	1326.9445080872626	0.58051777	-0.15000000000000002
190.6809659126154	300	9.684076114309981	0.0	139105	1133.8515975518692	0.3855617	0.3
191.83615249020465	300	12.528889536720708	0.0	141840	1155.1865775892734	0.5916751	0.3
193.18892848312512	300	15.176113543800257	0.0	156148	1352.7759929204517	0.74850166	0.3
194.52576496722526	300	17.839277059700112	0.0	160746	1336.8364841001455	0.8141366	0.3
196.37984445390438	300	19.985197573021008	0.0	179801	1854.0794866791032	0.8212337	0.3
198.12745778579293	300	22.23758424113243	0.0	140051	1747.6133318885763	0.9619821	0.3
200.2574247868188	300	24.107617240106585	0.0	138313	2129.967001025847	0.8506039	0.3
202.0028339134352	300	26.362208113490194	0.0	143509	1745.4091266163919	0.82993376	0.3
203.5503538989545	300	28.81468812797086	0.0	150616	1547.51998551933	0.9711614	0.3
205.19817901277332	300	31.166863014152057	0.0	165384	1647.825113818805	0.989403	0.3
207.94807198845785	750	32.416970038467554	0.0	350713	2749.892975684503	1.1174738	0.3
210.6910995138345	750	33.6739425130909	0.0	386472	2743.0275253766513	0.7423154	0.75
213.81301335454998	750	34.552028672375414	0.0	399894	3121.9138407154937	0.76788723	0.75
217.04627750125462	750	35.318764525670744	0.0	401853	3233.2641467046606	0.74993163	0.75
219.184199696053	750	37.18084233087235	0.0	343800	2137.9221947983992	0.7967455	0.75
221.69948056153393	750	38.66556146539143	0.0	359903	2515.2808654809287	1.0235482	0.75
224.2255441919949	750	40.13949783493046	0.0	379700	2526.063630460969	0.9339768	0.75
228.25620047929885	750	40.10884154762651	0.0	425781	4030.6562873039466	0.91201293	0.75
230.76864997169156	750	41.59639205523379	0.0	277716	2512.449492392722	0.7792697	0.75
234.58522139397968	750	41.77982063294567	0.0	400396	3816.5714222881206	0.9508247	0.75
239.7966289046094	750	40.56841312231593	0.0	400508	5211.407510629735	0.8243765	0.75
244.15234960736947	750	40.212692419555864	0.0	358218	4355.72070276007	0.5661357	0.75
247.8410109162376	750	40.524031110687744	0.0	400322	3688.661308868123	0.70458937	0.75
251.69179445586744	750	40.67324757105792	0.0	369834	3850.783539629818	0.8571918	0.75
256.4875668207189	750	39.87747520620648	0.0	412837	4795.772364851441	0.7564181	0.75
259.6862217665744	750	40.67882026035091	0.0	401088	3198.654945855565	0.57862777	0.75
261.65493418472005	750	42.7101078422053	0.0	365161	1968.7124181456118	1.017246	0.75
266.0229751267854	1850	42.34206690013996	0.0	728962	4368.040942065342	1.3313854	0.75
272.77813788416154	1850	39.58690414276382	0.0	938587	6755.162757376137	0.6932304	1.85
280.8502081413489	1850	35.51483388557646	0.0	908665	8072.070257187363	0.6934567	1.85
288.4363012241991	1850	31.92874080272625	0.0	930577	7586.093082850211	0.5871919	1.85
294.11893837717025	1850	30.24610364975511	0.0	858450	5682.637152971138	0.5431556	1.85
300.7062659641045	1850	27.658776062820877	0.0	1025005	6587.327586934233	0.65820754	1.85
306.6703370454382	1850	25.694704981487217	0.0	886255	5964.071081333664	0.63820267	1.85
311.66026956998365	1850	24.70477245694172	0.0	973972	4989.932524545495	0.56531364	1.85
317.3290637409908	1850	23.035978285934554	0.0	958994	5668.794171007165	0.523729	1.85
322.8443451920048	1850	21.52069683492057	0.0	982064	5515.281451013982	0.44905624	1.85
330.59589890273156	1850	17.76914312419386	0.0	830730	7751.553710726711	0.5308165	1.85
338.62410441683437	1850	13.74093761009102	0.0	846370	8028.205514102839	0.5796999	1.85

