18442.739905092974	750	4.0	6.08032816050688	450283	6080.3281605068805	1.3468926	-25.395411090179586
18445.094856593372	300	5.645048499601703	0.0	155580	2354.951500398297	0.38446796	-0.15000000000000002
18447.367935407015	300	7.371969685954002	0.0	139857	2273.078813647701	0.08244366	0.3
18449.92737420186	300	8.81253089110955	0.0	155432	2559.4387948444523	0.05855098	0.3
18452.88907697523	300	9.85082811774056	0.0	163442	2961.702773368989	0.07939064	0.3
18454.92502794488	300	11.814877148093101	0.0	126289	2035.95096964746	0.1516201	0.3
18458.062274387816	300	12.677630705156039	0.0	153295	3137.2464429370616	0.13791154	0.3
18460.74574222631	300	13.994162866660107	0.0	173849	2683.4678384959343	0.071406305	0.3
18462.551614249234	300	16.188290843738397	0.0	150710	1805.8720229217085	0.13288537	0.3
18464.093508801914	300	18.646396291056924	0.0	139105	1541.894552681473	0.2089258	0.3
18465.549860855666	300	21.190044237308346	0.0	141840	1456.3520537485779	0.3028336	0.3
18467.077244646443	300	23.66266044652786	0.0	156148	1527.3837907804875	0.40453056	0.3
18468.635828721806	300	26.104076371164727	0.0	160746	1558.58407536313	0.6680901	0.3
18470.15808072044	300	28.58182437253266	0.0	179801	1522.2519986320674	0.7418802	0.3
18473.052678266504	750	29.687226826469747	0.0	337059	2894.5975460629174	1.0777247	0.3
18476.176729520015	750	30.5631755729591	0.0	366214	3124.051253510647	0.48704076	0.75
18479.657315928725	750	31.082589164251214	0.0	360831	3480.5864087078858	0.47331443	0.75
18483.487542577608	750	31.252362515364673	0.0	372963	3830.226648886541	0.5681125	0.75
18488.11552866374	750	30.624376429235475	0.0	405596	4627.986086129198	0.48650786	0.75
18494.34005474933	750	28.39985034364825	0.0	350713	6224.526085587225	0.34211	0.75
18499.80091627982	750	26.938988813159344	0.0	386472	5460.861530488906	0.4667462	0.75
18506.321056165012	750	24.418848927964813	0.0	399894	6520.139885194532	0.38132274	0.75
18512.020344292898	750	22.71956080008119	0.0	401853	5699.288127883623	0.47750968	0.75
18518.047946918883	750	20.691958174096943	0.0	343800	6027.602625984246	0.44441718	0.75
18523.483745044723	750	19.256160048254905	0.0	359903	5435.798125842039	0.56681865	0.75
18528.95346686366	750	17.78643822931933	0.0	379700	5469.721818935574	0.62740326	0.75
18533.40987800219	750	17.33002709078992	0.0	425781	4456.411138529411	0.6269509	0.75
18536.031987937095	750	18.707917155886065	0.0	277716	2622.1099349038514	0.387053	0.75
18540.77336301018	750	17.966542082798956	0.0	400396	4741.375073087111	0.59447783	0.75
18549.160776227825	750	13.579128865152079	0.0	400508	8387.413217646876	0.45868754	0.75
18552.945233928618	300	13.794671164359567	0.0	157421	3784.4577007925127	0.7715465	-0.15000000000000002
18555.881533125477	300	14.858371967498634	0.0	157488	2936.2991968609326	0.21827023	0.3
18558.723914407154	300	16.015990685825205	0.0	143881	2842.38128167343	0.29650825	0.3
18562.315081109773	300	16.424823983203414	0.0	163444	3591.166702621791	0.23374607	0.3
18566.6803602197	300	16.059544873277755	0.0	179328	4365.279109925657	0.23121858	0.3
18570.407671551908	300	16.33223354106664	0.0	159914	3727.3113322111167	0.23911543	0.3
18572.63880081617	300	18.101104276806304	0.0	131610	2231.1292642603353	0.27387914	0.3
18574.91641034825	300	19.823494744724805	0.0	124011	2277.6095320814984	0.23921663	0.3
18577.395913730576	300	21.34399136239953	0.0	144254	2479.503382325274	0.25766417	0.3
18580.451342838966	300	22.288562254010202	0.0	149991	3055.429108389331	0.40083843	0.3
18583.47429134081	300	23.265613752163695	0.0	147968	3022.9485018465043	0.49083704	0.3
18586.67307924401	300	24.066825848966314	0.0	161857	3198.787903197383	0.426885	0.3
18588.644585757647	300	26.095319335329606	0.0	145210	1971.50651363671	0.6137811	0.3
18591.07449226869	300	27.665412824286335	0.0	172312	2429.906511043272	0.86987895	0.3
18593.389707923387	300	29.350197169588423	0.0	167025	2315.2156546979104	1.1034963	0.3
18596.011159140347	300	30.72874595262525	0.0	160064	2621.4512169631753	1.2424594	0.3
18598.2149041974	300	32.52500089557197	0.0	137507	2203.745057053282	1.4348754	0.3
18603.585680019092	750	31.154225073882046	0.0	314107	5370.775821689922	1.4208477	0.3

