11717.450064256056	750	4.0	3.5333118074124745	450283	3533.3118074124745	0.28321978	-14.44324077187364
11721.776282871087	750	4.0	0.3262186150318439	398865	4326.218615031844	0.72566265	-0.6527400446369287
11725.095212283279	750	4.681070587810729	0.0	350812	3318.9294121892713	0.66256785	0.75
11728.25279090269	750	5.523491968397539	0.0	382355	3157.578619413191	0.6136357	0.75
11733.28466533582	750	4.491617535269025	0.0	411561	5031.874433128513	0.4089019	0.75
11738.34346021676	750	4.0	0.5671773456734	318564	5058.794880942425	0.63102293	-1.6888625863956195
11739.839743062295	300	6.503717154466189	0.0	153295	1496.2828455338117	0.7098778	-0.15000000000000002
11741.397128975606	300	8.946331241155551	0.0	173849	1557.3859133106382	0.21309803	0.3
11742.702301039708	300	11.64115917705153	0.0	150710	1305.1720641040188	0.5188944	0.3
11744.257107746647	300	14.086352470112226	0.0	139105	1554.8067069393046	0.6956923	0.3
11745.97109984002	300	16.37236037673861	0.0	141840	1713.992093373617	0.61643416	0.3
11748.213970067165	300	18.12949014959311	0.0	156148	2242.8702271454945	0.555325	0.3
11751.651280374586	300	18.692179842172262	0.0	160746	3437.310307420849	0.62798095	0.3
11754.795702788613	300	19.547757428145502	0.0	179801	3144.4224140267593	0.40170023	0.3
11756.439150595374	300	21.90430962138514	0.0	140051	1643.4478067603618	0.6229712	0.3
11757.678135553197	300	24.665324663563155	0.0	138313	1238.984957821985	0.56667244	0.3
11759.354917923114	300	26.988542293646095	0.0	143509	1676.7823699170604	0.8152548	0.3
11760.794450329638	300	29.549009887120896	0.0	150616	1439.5324065251991	0.7555548	0.3
11762.086663820988	300	32.25679639577262	0.0	165384	1292.2134913482798	0.9594564	0.3
11764.789746974775	750	33.553713241984866	0.0	350713	2703.083153787748	1.297264	0.3
11768.023396366922	750	34.3200638498382	0.0	386472	3233.6493921466667	0.7756857	0.75
11771.320016342419	750	35.02344387434231	0.0	399894	3296.6199754958807	0.64816123	0.75
11774.576680520202	750	35.766779696558714	0.0	401853	3256.6641777836057	0.70638555	0.75
11777.37663879092	750	36.96682142583947	0.0	343800	2799.9582707192403	0.82174504	0.75
11780.362052687084	750	37.98140752967552	0.0	359903	2985.4138961639505	0.81241024	0.75
11784.287040823281	750	38.056419393478286	0.0	379700	3924.988136197234	0.78867704	0.75
11788.012439786615	750	38.33102043014446	0.0	425781	3725.398963333824	0.6038936	0.75
11790.02872952339	750	40.31473069336945	0.0	277716	2016.2897367750124	0.7741559	0.75
11793.473633009924	750	40.869827206835936	0.0	400396	3444.9034865335097	1.0287396	0.75
11797.215595781145	750	41.1278644356155	0.0	400508	3741.9627712204374	0.77210593	0.75
11800.583815737054	750	41.759644479706004	0.0	358218	3368.2199559094925	0.7736331	0.75
11804.31363855933	750	42.02982165742941	0.0	400322	3729.822822276601	0.86527693	0.75
11807.584304558553	750	42.759155658207106	0.0	369834	3270.6659992223013	0.83970886	0.75
11811.039654920667	750	43.30380529609167	0.0	412837	3455.350362115441	0.85485905	0.75
11814.60851770973	750	43.73494250702798	0.0	401088	3568.8627890636835	0.89371943	0.75
11817.440627644635	750	44.902832572122364	0.0	365161	2832.1099349056194	0.97483027	0.75
11820.388553416758	750	45.95490680000001	0.0	321064	2947.925772122353	1.2475692	0.75
11824.434603538486	750	45.9088566782734	0.0	361565	4046.050121726604	1.1206797	0.75
11827.886834321882	750	46.45662589487619	0.0	378327	3452.2307833972163	0.9353731	0.75
11831.28287550193	750	47.06058471482734	0.0	390680	3396.0411800488473	1.1390582	0.75
11836.999840814839	750	45.34361940191996	0.0	345516	5716.965312907389	1.2411398	0.75
11841.226440289958	750	45.11701992679981	0.0	384505	4226.5994751201515	0.74979216	0.75
11844.648615109634	750	45.69484510712388	0.0	372093	3422.174819675931	1.0903419	0.75
11851.156068389531	750	43.18739182722553	0.0	438281	6507.453279898346	1.2293512	0.75
11857.12766490998	750	41.21579530677679	0.0	398987	5971.596520448745	0.76839864	0.75
11861.008682328998	750	41.33477788775723	0.0	393804	3881.0174190195585	0.7324024	0.75
11863.57267672302	750	42.770783493737014	0.0	331053	2563.9943940202165	1.329999	0.75
11870.321914142962	1850	40.021546073794596	0.0	846370	6749.237419942418	1.3652582	0.75

