5730.1584191138	750	4.0	5.460500454044817	450283	5460.500454044817	0.7940116	-22.730151952392713
5731.457973739399	300	6.700445374400823	0.0	155580	1299.5546255991767	0.47770724	-0.15000000000000002
5732.5954634423715	300	9.562955671427938	0.0	139857	1137.489702972886	0.39666766	0.3
5733.789775804367	300	12.368643309431896	0.0	155432	1194.3123619960415	0.4233361	0.3
5734.986481607465	300	15.171937506333434	0.0	163442	1196.7058030984626	0.9000972	0.3
5737.118101231039	750	17.040317882759663	0.0	318564	2131.6196235737693	1.0753754	0.3
5740.147684894294	750	18.010734219504602	0.0	352642	3029.5836632550604	0.6082164	0.75
5743.020138338716	750	19.138280775082297	0.0	437162	2872.4534444223086	0.3751186	0.75
5746.044749347951	750	20.113669765846865	0.0	374758	3024.611009235432	0.37160674	0.75
5749.136722879712	750	21.021696234086253	0.0	362795	3091.9735317606146	0.3653633	0.75
5751.701541408846	750	22.45687770495134	0.0	353220	2564.8185291349164	0.37978128	0.75
5755.498543892899	750	22.659875220898986	0.0	405134	3797.0024840523524	0.46392265	0.75
5760.680796779984	750	21.477622333813834	0.0	386351	5182.252887085153	0.39900476	0.75
5767.414786076521	750	18.743633037277	0.0	434409	6733.9892965368335	0.444864	0.75
5771.27825609576	750	18.8801630180375	0.0	337059	3863.4700192394976	0.56506246	0.75
5774.392079745722	750	19.766339368075922	0.0	366214	3113.8236499615787	0.34576115	0.75
5779.251330146424	750	18.907088967373426	0.0	360831	4859.250400702494	0.30495927	0.75
5783.353740053531	750	18.80467906026722	0.0	372963	4102.409907106208	0.4897049	0.75
5788.73937773446	750	17.419041379337628	0.0	405596	5385.63768092959	0.3505445	0.75
5791.45433875707	750	18.70408035672824	0.0	350713	2714.961022609387	0.47806272	0.75
5795.680902619162	750	18.477516494635566	0.0	386472	4226.563862092678	0.47148252	0.75
5802.969768685259	750	15.188650428539114	0.0	399894	7288.866066096451	0.3595442	0.75
5806.867571151395	750	15.290847962402319	0.0	401853	3897.802466136796	0.7619188	0.75
5810.285842146264	750	15.87257696753334	0.0	343800	3418.270994868979	0.37744012	0.75
5814.304657209289	750	15.853761904508165	0.0	359903	4018.8150630251744	0.35577452	0.75
5817.200597095663	750	16.957822018133815	0.0	379700	2895.939886374349	0.42638725	0.75
5819.8818211802845	750	18.276597933512523	0.0	425781	2681.224084621294	0.35942584	0.75
5821.595536806185	750	20.562882307612618	0.0	277716	1713.715625899905	0.5619283	0.75
5824.12395403572	750	22.034465078077602	0.0	400396	2528.417229535016	0.82444704	0.75
5826.703981945295	750	23.45443716850299	0.0	400508	2580.0279095746123	0.8202489	0.75
5829.269256500256	750	24.889162613541856	0.0	358218	2565.2745549611336	0.82121074	0.75
5831.687410199157	750	26.47100891464118	0.0	400322	2418.153698900676	0.88607275	0.75
5834.227284516153	750	27.931134597645038	0.0	369834	2539.87431699614	0.99507993	0.75
5836.798005481378	750	29.360413632420084	0.0	412837	2570.7209652249553	0.8893362	0.75
5839.7634116915615	750	30.39500742223651	0.0	401088	2965.4062101835734	1.0090935	0.75
5842.021282664735	750	32.13713644906257	0.0	365161	2257.8709731739445	1.0540031	0.75
5843.747009926983	750	34.41140918681408	0.0	321064	1725.7272622484816	1.2590556	0.75
5845.815673443264	750	36.34274567053326	0.0	361565	2068.6635162808243	1.2961721	0.75
5849.290817708894	750	36.867601404903695	0.0	378327	3475.14426562956	1.3032255	0.75
5852.019911595571	750	38.13850751822628	0.0	390680	2729.093886677425	1.151591	0.75
5854.07317581027	750	40.085243303527186	0.0	345516	2053.264214699092	1.3338336	0.75
5856.228013761577	750	41.93040535222	0.0	384505	2154.837951307187	1.4369171	0.75
5861.309651767746	1850	40.848767346051396	0.0	886255	5081.638006168601	1.4240289	0.75
5867.252018969973	1850	38.90640014382483	0.0	973972	5942.367202226568	0.86371446	1.85
5875.43239484013	1850	34.72602427366772	0.0	958994	8180.375870157116	0.8455822	1.85
5884.973977903005	1850	29.184441210792595	0.0	982064	9541.583062875123	0.6482232	1.85
5892.582422590733	1850	25.575996523064678	0.0	830730	7608.444687727919	0.9425939	1.85
5898.145281563882	1850	24.013137549915918	0.0	846370	5562.858973148761	0.7712489	1.85

