17749.366280447015	750	4.0	10.535228578788095	450283	10535.228578788096	0.53226775	-44.551482888788804
17750.757127395547	300	6.609153051467327	0.0	155580	1390.8469485326723	0.1075137	-0.15000000000000002
17752.439719333644	300	8.926561113369436	0.0	139857	1682.5919380978908	0.22575977	0.3
17754.719607413008	300	10.646673034004781	0.0	155432	2279.888079364655	0.12440785	0.3
17756.875447337097	300	12.490833109915867	0.0	163442	2155.8399240889144	0.11240627	0.3
17758.44824723452	300	14.918033212494962	0.0	126289	1572.7998974209063	0.33856145	0.3
17760.532876586196	300	16.833403860820415	0.0	153295	2084.629351674547	0.3748201	0.3
17762.757070265143	300	18.609210181872594	0.0	173849	2224.193678947818	0.20442218	0.3
17764.584980066928	300	20.78130038008848	0.0	150710	1827.9098017841122	0.31905627	0.3
17767.23205662245	300	22.134223824563275	0.0	139105	2647.0765555252055	0.5392886	0.3
17769.570483160664	300	23.795797286351394	0.0	141840	2338.426538211881	0.3503999	0.3
17772.74102816351	300	24.62525228350618	0.0	156148	3170.545002845213	0.28956556	0.3
17776.842401993163	300	24.52387845385177	0.0	160746	4101.37382965441	0.2815515	0.3
17781.59914869033	300	23.76713175668622	0.0	179801	4756.7466971655485	0.21783142	0.3
17785.26337720781	300	24.102903239200767	0.0	140051	3664.2285174854514	0.25943288	0.3
17787.79722486407	300	25.569055582941555	0.0	138313	2533.847656259213	0.118107654	0.3
17790.176061813552	300	27.190218633458553	0.0	143509	2378.836949482999	0.12367605	0.3
17792.986086505407	300	28.380193941603046	0.0	150616	2810.024691855506	0.13936533	0.3
17796.182533498268	300	29.183746948741014	0.0	165384	3196.4469928620333	0.13879736	0.3
17798.469188007864	300	30.897092439142764	0.0	140881	2286.654509598246	0.21073158	0.3
17801.364949386934	300	32.00133106007376	0.0	157671	2895.7613790690048	0.2567775	0.3
17804.37125714551	300	32.99502330149886	0.0	157812	3006.3077585749015	0.28057575	0.3
17808.500108173343	300	32.86617227366305	0.0	163927	4128.851027835818	0.29391357	0.3
17810.59989013057	300	34.76639031643734	0.0	137654	2099.7819572257076	0.31866378	0.3
17812.443563670608	300	36.92271677639708	0.0	146754	1843.6735400402645	0.52123404	0.3
17814.1890015232	300	39.17727892380825	0.0	153938	1745.4378525888235	0.7569159	0.3
17816.020712257	300	41.345568190007434	0.0	181901	1831.7107338008198	0.9773752	0.3
17818.862901352495	750	42.503379094510834	0.0	277716	2842.189095496604	1.4352095	0.3
17825.6809566102	750	39.68532383680754	0.0	400396	6818.055257703298	0.9485847	0.75
17833.153027867993	750	36.21325257901369	0.0	400508	7472.071257793846	0.49922693	0.75
17838.558709116525	750	34.807571330477444	0.0	358218	5405.681248536245	0.40916932	0.75
17843.27010988935	750	34.09617055765772	0.0	400322	4711.40077281972	0.5685518	0.75
17847.430882252942	750	33.935398194062394	0.0	369834	4160.772363595333	0.47469464	0.75
17854.54732873431	750	30.81895171269607	0.0	412837	7116.446481366321	0.5009472	0.75
17864.91496896429	750	24.451311482713415	0.0	401088	10367.640229982655	0.34936723	0.75
17873.250512486164	750	20.115767960840586	0.0	365161	8335.54352187283	0.8112087	0.75
17882.573659857895	750	14.79262058910794	0.0	321064	9323.147371732644	0.73225284	0.75
17886.364275711996	300	15.00200473500882	0.0	124011	3790.6158540991214	0.6530885	-0.15000000000000002
17889.995399761134	300	15.370880685870757	0.0	144254	3631.124049138061	0.12447079	0.3
17893.026985923923	300	16.339294523078717	0.0	149991	3031.586162792043	0.08860261	0.3
17896.243803242323	300	17.122477204680603	0.0	147968	3216.817318398111	0.24611376	0.3
17898.540333587276	300	18.825946859723356	0.0	161857	2296.530344957246	0.22490148	0.3
17901.24260787311	300	20.123672573888246	0.0	145210	2702.274285835111	0.6096429	0.3
17905.533764324395	300	19.832516122605515	0.0	172312	4291.156451282732	0.50210446	0.3
17909.642867897936	300	19.723412549063383	0.0	167025	4109.103573542134	0.41155535	0.3
17913.1847779037	300	20.181502543294656	0.0	160064	3541.9100057687256	0.38638628	0.3
17915.82325189578	300	21.543028551215283	0.0	137507	2638.4739920793722	0.56174743	0.3
17917.72625954174	300	23.640020905253934	0.0	118421	1903.0076459613524	0.6773194	0.3

