12716.5833668306	750	4.0	3.704434403261277	450283	3704.4344032612767	1.1626167	-15.17906793402349
12719.041236254769	750	5.542130575831285	0.0	398865	2457.869424168715	0.73276865	0.75
12721.008173596565	750	7.575193234035682	0.0	350812	1966.9373417956033	0.3953198	0.75
12722.922248926381	750	9.66111790421944	0.0	382355	1914.0753298162413	0.43681416	0.75
12725.29037937648	750	11.292987454118826	0.0	411561	2368.130450100615	0.6549229	0.75
12727.2741151168	750	13.309251713799588	0.0	318564	1983.7357403192384	0.62866193	0.75
12729.23409724614	750	15.349269584458296	0.0	352642	1959.9821293412924	0.63925326	0.75
12732.322248762206	750	16.261118068392573	0.0	437162	3088.151516065724	0.5336208	0.75
12734.735257059734	750	17.848109770862976	0.0	374758	2413.0082975295954	0.68181235	0.75
12736.946449423718	750	19.636917406880027	0.0	362795	2211.1923639829483	0.6384319	0.75
12738.919470720717	750	21.663896109879733	0.0	353220	1973.0212970002929	0.6742397	0.75
12740.892595167164	750	23.69077166343346	0.0	405134	1973.1244464462754	0.78390026	0.75
12743.367397112675	750	25.21596971792252	0.0	386351	2474.801945510938	0.8381991	0.75
12745.698574296208	750	26.88479253439028	0.0	434409	2331.1771835322406	0.68977505	0.75
12747.32797116339	750	29.255395667207946	0.0	337059	1629.3968671823302	0.9760347	0.75
12749.156159637321	750	31.427207193277372	0.0	366214	1828.1884739305751	0.94056624	0.75
12750.50463969303	750	34.07872713756723	0.0	360831	1348.4800557101487	0.872426	0.75
12752.202170046972	750	36.38119678362651	0.0	372963	1697.5303539407207	1.2882688	0.75
12754.352242601852	750	38.23112422874748	0.0	405596	2150.0725548790283	1.1757632	0.75
12755.720397924306	750	40.86296890629173	0.0	350713	1368.1553224557574	1.1938064	0.75
12759.44302328123	1850	41.14034354936838	0.0	891604	3722.6253569233454	1.3805232	0.75
12763.113469294985	1850	41.469897535612006	0.0	955231	3670.446013756376	0.8462737	1.85
12767.106976155921	1850	41.4763906746755	0.0	968026	3993.506860936507	0.79335624	1.85
12770.568753229638	1850	42.01461360095908	0.0	874175	3461.7770737164237	0.80541366	1.85
12773.428949255585	1850	43.154417575012204	0.0	897976	2860.1960259468788	0.8026101	1.85
12776.935057725846	1850	43.64830910475029	0.0	905935	3506.10847026191	0.85875255	1.85
12781.979520300763	1850	42.60384652983385	0.0	1076599	5044.462574916439	0.78028303	1.85
12785.633406737365	1850	42.94996009323208	0.0	758197	3653.8864366017715	0.7876362	1.85
12791.407006403771	1850	41.176360426824004	0.0	972798	5773.599666408076	0.7125024	1.85
12796.174829318385	1850	40.40853751221154	0.0	975811	4767.822914612467	0.69084024	1.85
12801.17237730967	1850	39.410989520926925	0.0	873429	4997.547991284613	0.5981391	1.85
12805.500877040415	1850	39.082489790181576	0.0	954453	4328.499730745347	0.666772	1.85
12811.39543436689	1850	37.18793246370551	0.0	885062	5894.5573264760715	0.51092815	1.85
12817.047628527378	1850	35.535738303216704	0.0	1035329	5652.194160488805	0.5568501	1.85
12822.248992563898	1850	34.33437426669673	0.0	1026056	5201.364036519973	0.50380886	1.85
12827.323420102635	1850	33.25994672795881	0.0	943942	5074.427538737914	0.41695234	1.85
12831.109908412223	1850	33.473458418370505	0.0	728962	3786.4883095883038	0.387041	1.85
12835.943180704124	1850	32.64018612646945	0.0	938587	4833.272291901058	0.40153387	1.85
12840.102027851404	1850	32.48133897918916	0.0	908665	4158.847147280287	0.44177034	1.85
12843.11465860974	1850	33.46870822085372	0.0	930577	3012.630758335441	0.40012676	1.85
12845.802477699955	1850	34.780889130638194	0.0	858450	2687.8190902155243	0.50455153	1.85
12849.408997647408	1850	35.174369183185895	0.0	1025005	3606.5199474522956	0.6324248	1.85
12852.869334064537	1850	35.714032766055766	0.0	886255	3460.336417130127	0.735565	1.85
12855.539258403185	1850	37.044108427407494	0.0	973972	2669.9243386482676	0.7523142	1.85
12860.110378745345	1850	36.472988085248254	0.0	958994	4571.120342159242	1.0326941	1.85
12864.756116073577	1850	35.82725075701657	0.0	982064	4645.737328231686	0.8415104	1.85
12867.52468445238	1850	37.058682378211756	0.0	830730	2768.5683788048136	1.0483657	1.85
12870.524849726553	1850	38.05851710404061	0.0	846370	3000.165274171145	0.94960827	1.85

