1921.6810203091745	750	4.0	2.54228302815134	450283	2542.28302815134	0.7064724	-10.181817021050762
1923.467030005021	750	6.213990304153536	0.0	398865	1786.0096958464633	0.51979965	0.75
1924.7283014088455	750	8.95271890032892	0.0	350812	1261.2714038246152	0.6664848	0.75
1926.5689549216	750	11.11206538757434	0.0	382355	1840.653512754581	0.8583508	0.75
1928.5353892627904	750	13.145631046384064	0.0	411561	1966.434341190276	0.9303597	0.75
1930.7366995519335	1200	14.944320757240833	0.0	520315	2201.3102891432304	1.0028617	0.75
1932.974715439141	1200	16.706304870033257	0.0	561791	2238.0158872075767	0.4858885	1.2
1936.9931857446422	1200	16.687834564531936	0.0	709534	4018.470305501323	0.37791297	1.2
1944.201311772405	1200	13.47970853676926	0.0	584846	7208.126027762675	0.50247645	1.2
1955.8781196210075	1200	5.802900688166756	0.0	560821	11676.807848602504	0.534527	1.2
1957.3621066093635	300	8.318913699810622	0.0	141840	1483.9869883561335	0.74372464	-0.6000000000000001
1958.710612753906	300	10.970407555268325	0.0	156148	1348.5061445422966	0.48316404	0.3
1960.097685850598	300	13.583334458575967	0.0	160746	1387.0730966923588	0.56403583	0.3
1961.7681751576672	300	15.912845151507073	0.0	179801	1670.4893070688954	0.882903	0.3
1965.5553530935897	750	16.125667215584585	0.0	337059	3787.177935922488	0.99309593	0.3
1968.8865277664004	750	16.794492542773746	0.0	366214	3331.174672810836	0.4482131	0.75
1971.3815023449988	750	18.299517964175553	0.0	360831	2494.9745785981963	0.4943636	0.75
1974.3165977787764	750	19.3644225303978	0.0	372963	2935.095433777755	0.55929846	0.75
1977.5058981128702	750	20.175122196303864	0.0	405596	3189.300334093934	0.38586235	0.75
1979.915953472148	750	21.765066837026108	0.0	350713	2410.055359277754	0.45185035	0.75
1983.224989109385	750	22.456031199788878	0.0	386472	3309.035637237229	0.5900191	0.75
1986.738364879393	750	22.942655429780995	0.0	399894	3513.3757700078827	0.5008866	0.75
1990.2323443313735	750	23.44867597780053	0.0	401853	3493.979451980466	0.45805058	0.75
1993.1403138555424	750	24.540706453631735	0.0	343800	2907.969524168793	0.5544333	0.75
1995.7651400630755	750	25.915880246098567	0.0	359903	2624.8262075331677	0.5176747	0.75
1998.1968032948796	750	27.48421701429457	0.0	379700	2431.6632318039988	0.66495043	0.75
2001.4752655310776	750	28.20575477809634	0.0	425781	3278.4622361982283	0.6649311	0.75
2003.7664590105915	750	29.914561298582527	0.0	277716	2291.1934795138122	0.76019275	0.75
2007.2902481977162	750	30.390772111457913	0.0	400396	3523.789187124615	0.8078535	0.75
2010.838855958199	750	30.84216435097491	0.0	400508	3548.6077604830043	0.72760123	0.75
2014.0620605379065	750	31.61895977126751	0.0	358218	3223.2045797074015	0.7029523	0.75
2017.349008798052	750	32.332011511122175	0.0	400322	3286.948260145335	0.744569	0.75
2020.1273025520823	750	33.553717757091725	0.0	369834	2778.293754030449	0.7820885	0.75
2022.6428400962343	750	35.038180212939665	0.0	412837	2515.537544152061	0.864162	0.75
2024.7950911156565	750	36.8859291935175	0.0	401088	2152.251019422172	1.0236496	0.75
2026.746205293046	750	38.9348150161283	0.0	365161	1951.1141773891998	1.2530683	0.75
2033.2047111987163	1850	36.476309110458025	0.0	728962	6458.505905670272	1.3097486	0.75
2036.9523827740702	1850	36.72863753510418	0.0	938587	3747.6715753538424	0.6451279	1.85
2040.2547559056538	1850	37.42626440352062	0.0	908665	3302.373131583564	0.7231891	1.85
2042.9976173925838	1850	38.68340291659079	0.0	930577	2742.861486929826	0.80289966	1.85
2045.992715550385	1850	39.688304758789485	0.0	858450	2995.0981578013057	0.8735041	1.85
2050.0850285840706	1850	39.595991725103914	0.0	1025005	4092.313033685566	1.009349	1.85
2055.090011608107	1850	38.591008701067345	0.0	886255	5004.983024036574	1.0003195	1.85
2060.986955436888	1850	36.694064872286376	0.0	973972	5896.943828780967	0.83411443	1.85
2067.5727323571905	1850	34.10828795198364	0.0	958994	6585.7769203027365	0.82290643	1.85
2077.2629241061354	1850	28.418096203039095	0.0	982064	9690.19174894455	0.66546357	1.85
2083.8283673356996	1850	25.852652973474825	0.0	830730	6565.443229564269	0.93354154	1.85
2087.7768170623863	1850	25.90420324678805	0.0	846370	3948.4497266867784	0.6447131	1.85

