18769.91414631566	750	4.0	2.100206826790785	450283	2100.2068267907853	0.6937975	-8.280889355200376
18772.432272421396	750	5.481873894263046	0.0	398865	2518.126105736954	0.49900556	0.75
18774.30778394945	750	7.60636236620974	0.0	350812	1875.511528053306	0.39009276	0.75
18776.201659002043	750	9.712487313614304	0.0	382355	1893.8750525954374	0.45459408	0.75
18778.00127658205	750	11.912869733607005	0.0	411561	1799.6175800072979	0.71786106	0.75
18779.475891450253	750	14.438254865405787	0.0	318564	1474.6148682012185	0.8967118	0.75
18780.958139875398	750	16.956006440259685	0.0	352642	1482.2484251461026	0.9839693	0.75
18782.873440983003	750	19.04070533265044	0.0	437162	1915.3011076092423	0.9097592	0.75
18785.801195085725	1200	20.112951229928104	0.0	584846	2927.754102722335	1.0255755	0.75
18788.775423491406	1200	21.138722824247093	0.0	560821	2974.228405681014	0.4037427	1.2
18791.409428800573	1200	22.504717515080806	0.0	607410	2634.005309166285	0.44611084	1.2
18793.707326937863	1200	24.206819377789692	0.0	594078	2297.8981372911157	0.49782816	1.2
18795.924392967267	1200	25.989753348385904	0.0	624282	2217.0660294037893	0.68841434	1.2
18798.286409405533	1200	27.62773691011912	0.0	687371	2362.0164382667867	0.6868483	1.2
18800.037358696733	1200	29.876787618918915	0.0	526950	1750.949291200201	0.97237235	1.2
18802.43714788154	1200	31.476998434110804	0.0	587876	2399.7891848081113	0.94281346	1.2
18805.217054042354	1200	32.69709227329872	0.0	617242	2779.906160812082	0.86126035	1.2
18807.67373119626	1200	34.24041511939259	0.0	581493	2456.6771539061347	0.88078105	1.2
18810.514553603425	1200	35.399592712227324	0.0	639204	2840.8224071652626	0.8413108	1.2
18813.0346848571	1200	36.87946145855417	0.0	586839	2520.1312536731534	0.95832586	1.2
18815.848083001583	1200	38.06606331407051	0.0	601738	2813.398144483659	1.0126333	1.2
18818.625837817373	1200	39.288308498278695	0.0	616206	2777.7548157918154	0.95138067	1.2
18820.832945979386	1200	41.081200336265475	0.0	656471	2207.1081620132236	0.972933	1.2
18824.66426135807	1850	41.24988495757978	0.0	874175	3831.3153786856897	1.2287083	1.2000000000000002
18829.267754812397	1850	40.64639150325545	0.0	897976	4603.493454324328	0.7260597	1.85
18833.461375084953	1850	40.452771230699504	0.0	905935	4193.620272555949	0.7491099	1.85
18837.005663552645	1850	40.90848276300511	0.0	1076599	3544.2884676943954	0.7354368	1.85
18839.996318136768	1850	41.917828178882324	0.0	758197	2990.6545841227858	0.8013225	1.85
18844.277988202095	1850	41.636158113552675	0.0	972798	4281.670065329651	0.71511006	1.85
18848.28321248126	1850	41.63093383438666	0.0	975811	4005.2242791660115	0.7291479	1.85
18854.256886415318	1850	39.65725990032801	0.0	873429	5973.673934058661	0.73730546	1.85
18867.584866887042	1850	30.32927942860355	0.0	954453	13327.980471724457	0.64532655	1.85
18874.361600046566	1850	27.552546269077716	0.0	885062	6776.733159525833	0.52826333	1.85
18880.579303295268	1850	25.334843020377317	0.0	1035329	6217.703248700398	0.63015574	1.85
18885.491872836283	1850	24.42227347936308	0.0	1026056	4912.569541014234	0.80958855	1.85
18889.943312027775	1850	23.970834287872666	0.0	943942	4451.439191490415	0.45671067	1.85
18892.542493353656	1850	25.371652961989348	0.0	728962	2599.1813258833167	0.45076925	1.85
18895.347963987657	1850	26.56618232798991	0.0	938587	2805.4706339994377	0.30122378	1.85
18898.39799470679	1850	27.51615160885605	0.0	908665	3050.030719133863	0.4457903	1.85
18901.354226110765	1850	28.559920204882495	0.0	930577	2956.2314039735556	0.4636249	1.85
18904.44712407248	1850	29.467022243166028	0.0	858450	3092.8979617164664	0.5958198	1.85
18908.075248817928	1850	29.83889749771726	0.0	1025005	3628.124745448772	0.71764404	1.85
18911.58585433792	1850	30.328291977720596	0.0	886255	3510.6055199966595	0.83295435	1.85
18916.19715787119	1850	29.716988444454646	0.0	973972	4611.30353326595	0.7397294	1.85
18920.567894527787	1850	29.346251787858662	0.0	958994	4370.736656595985	0.9263841	1.85
18924.266179253922	1850	29.647967061723453	0.0	982064	3698.2847261352094	0.7979054	1.85
18927.92436680298	1850	29.989779512662338	0.0	830730	3658.1875490611114	1.0538415	1.85
18930.89460490414	1850	31.01954141150281	0.0	846370	2970.238101159527	0.7008981	1.85

