18933.19289869379	750	4.0	2.2982937896467757	450283	2298.2937896467756	0.6754719	-9.132663295481136
18935.24709407841	750	5.94580461537696	0.0	398865	2054.19538462304	0.4900823	0.75
18936.58710515765	750	8.60579353613712	0.0	350812	1340.0110792398405	0.51711357	0.75
18938.03426636454	750	11.158632329252743	0.0	382355	1447.161206884377	0.76531726	0.75
18939.642170571995	750	13.550728121794712	0.0	411561	1607.9042074580307	1.0684308	0.75
18941.42442908094	1200	15.76846961284758	0.0	520315	1782.2585089471313	1.0850656	0.75
18943.148454190905	1200	18.04444450288056	0.0	561791	1724.025109967021	0.7586709	1.2
18945.35918989816	1200	19.833708795622982	0.0	709534	2210.73570725758	0.6279917	1.2
18947.231526902928	1200	21.961371790857832	0.0	584846	1872.3370047651463	0.8953688	1.2
18949.187104364446	1200	24.005794329338677	0.0	560821	1955.5774615191551	0.88469183	1.2
18951.53938454657	1200	25.653514147217024	0.0	607410	2352.280182121652	0.8597037	1.2
18953.932937087986	1200	27.259961605799283	0.0	594078	2393.5525414177446	0.7818074	1.2
18957.28524687962	1200	27.907651814166694	0.0	624282	3352.309791632591	0.7435529	1.2
18960.098654569676	1200	29.094244124109956	0.0	687371	2813.407690056739	0.45523632	1.2
18961.82226255042	1200	31.37063614336427	0.0	526950	1723.6079807456856	0.913353	1.2
18963.64244255734	1200	33.550456136446186	0.0	587876	1820.1800069180867	0.96947044	1.2
18965.570582020955	1200	35.62231667283035	0.0	617242	1928.1394636158411	1.0597963	1.2
18967.271602362373	1200	37.921296331411156	0.0	581493	1701.0203414191924	1.1306247	1.2
18969.386172385777	1200	39.80672630800667	0.0	639204	2114.570023404486	1.1874485	1.2
18972.62904218779	1850	40.563856505998785	0.0	923755	3242.869802007882	1.2060992	1.2000000000000002
18975.609781924053	1850	41.5831167697327	0.0	891604	2980.73973626609	0.8430332	1.85
18978.618753619296	1850	42.5741450744937	0.0	955231	3008.9716952389927	0.8389652	1.85
18982.4706471202	1850	42.72225157358683	0.0	968026	3851.893500906877	0.85787076	1.85
18986.158497340013	1850	43.03440135377423	0.0	874175	3687.8502198126	0.8473948	1.85
18989.195910221493	1850	43.99698847229346	0.0	897976	3037.4128814807705	0.824819	1.85
18992.17813407048	1850	45.01476462330964	0.0	905935	2982.223848983821	0.87352294	1.85
18995.98974573431	1850	45.203152959475815	0.0	1076599	3811.61166383382	0.8295574	1.85
18998.444169704224	1850	46.74872898956416	0.0	758197	2454.423969911658	0.8364619	1.85
19001.87416066168	1850	47.31873803210888	0.0	972798	3429.9909574552703	0.93176347	1.85
19005.036906847236	1850	48.15599184655293	0.0	975811	3162.746185555957	0.94224936	1.85
19008.456032464765	1850	48.73686622902224	0.0	873429	3419.1256175306876	0.955946	1.85
19012.257544746815	1850	48.935353946972526	0.0	954453	3801.5122820497136	0.97344965	1.85
19015.217355631306	1850	49.97554306248078	0.0	885062	2959.810884491747	0.926567	1.85
19018.547064206625	1850	50.64583448716175	0.0	1035329	3329.708575319034	1.0082442	1.85
19023.078400010923	1850	50.11449868286331	0.0	1026056	4531.335804298447	1.0590055	1.85
19027.249501099763	1850	49.94339759402792	0.0	943942	4171.101088835383	1.0401343	1.85
19030.40941487302	1850	50.78348382076984	0.0	728962	3159.9137732580793	1.0678126	1.85
19035.350902323276	1850	49.841996370514664	0.0	938587	4941.487450255173	1.0303175	1.85
19040.413635688306	1850	48.7792630054839	0.0	908665	5062.73336503077	0.97935617	1.85
19048.180919785682	1850	45.0119789081064	0.0	930577	7767.284097377496	0.92089045	1.85
19057.24809167308	1850	39.94480702070728	0.0	858450	9067.171887399118	0.80961007	1.85
19070.739590599995	1850	30.45330809379326	0.0	1025005	13491.498926914019	0.61012244	1.85
19084.91005431162	1850	20.282844382170836	0.0	886255	14170.463711622426	0.8379473	1.85
19091.478326834876	1200	17.714571858914564	0.0	634861	6568.27252325627	1.1492237	0.5499999999999999
19096.076053477278	1200	17.116845216511074	0.0	630203	4597.726642403492	0.7786271	1.2
19100.138398574778	1200	17.05450011901282	0.0	638661	4062.345097498255	0.83913684	1.2
19103.399695585813	1200	17.793203107977455	0.0	538612	3261.2970110353617	0.9354165	1.2
19108.281689572203	1850	16.911209121587454	0.0	846370	4881.99398639	0.9776431	1.2000000000000002

