13770.85828874778	750	4.0	8.215266709904062	450283	8215.266709904063	1.2489886	-34.57564685258747
13773.887350594203	300	4.97093815357864	0.0	155580	3029.0618464213608	0.18636674	-0.15000000000000002
13776.34101737607	300	6.517271371711869	0.0	139857	2453.6667818667706	0.039360084	0.3
13778.496967069925	300	8.361321677856907	0.0	155432	2155.9496938549614	0.034551546	0.3
13780.626371782613	300	10.231916965167043	0.0	163442	2129.404712689864	0.06316625	0.3
13782.200138177883	300	12.658150569897952	0.0	126289	1573.7663952690905	0.1785991	0.3
13783.56545539483	300	15.292833352949737	0.0	153295	1365.3172169482154	0.20057705	0.3
13785.144675085721	300	17.713613662059643	0.0	173849	1579.2196908900933	0.32218572	0.3
13786.489075026037	300	20.369213721744813	0.0	150710	1344.3999403148302	0.66730946	0.3
13787.688670885966	300	23.169617861816537	0.0	139105	1199.5958599282799	0.7188494	0.3
13788.867856825442	300	25.990431922341035	0.0	141840	1179.1859394755	0.8591855	0.3
13790.301260054603	300	28.557028693178424	0.0	156148	1433.4032291626106	0.9576393	0.3
13793.980782023036	750	28.87750672474421	0.0	386351	3679.5219684342123	0.99703556	0.3
13799.157741641218	750	27.70054710656276	0.0	434409	5176.959618181454	0.38210177	0.75
13802.217267226104	750	28.64102152167759	0.0	337059	3059.5255848851652	0.47508165	0.75
13805.198863829388	750	29.659424918394507	0.0	366214	2981.596603283082	0.5171731	0.75
13808.841261204014	750	30.01702754376799	0.0	360831	3642.3973746265156	0.49146646	0.75
13813.606000727266	750	29.252288020515525	0.0	372963	4764.739523252464	0.45347887	0.75
13816.756370038063	750	30.101918709716895	0.0	405596	3150.369310798634	0.30596158	0.75
13819.653818214569	750	31.20447053321238	0.0	350713	2897.448176504514	0.56030023	0.75
13823.385658324583	750	31.47263042319971	0.0	386472	3731.840110012671	0.6729795	0.75
13828.096440567853	750	30.761848179929988	0.0	399894	4710.782243269721	0.42904767	0.75
13831.362450010463	750	31.49583873731888	0.0	401853	3266.0094426111077	0.36578086	0.75
13834.41663722002	750	32.44165152776354	0.0	343800	3054.1872095553435	0.6442498	0.75
13837.846312665877	750	33.01197608190452	0.0	359903	3429.67544585902	0.6342321	0.75
13841.576710176965	750	33.281578570816464	0.0	379700	3730.3975110880547	0.55481154	0.75
13846.622596697633	750	32.23569205014968	0.0	425781	5045.886520666783	0.4881884	0.75
13851.032520051462	750	31.82576869632011	0.0	277716	4409.923353829565	0.4446737	0.75
13856.264619843676	750	30.59366890410582	0.0	400396	5232.099792214291	0.5019849	0.75
13859.885095789254	750	30.973192958528365	0.0	400508	3620.4759455774542	0.427404	0.75
13862.761551815891	750	32.09673693189023	0.0	358218	2876.4560266381395	0.60427517	0.75
13866.242413114851	750	32.61587563293	0.0	400322	3480.861298960225	0.7977522	0.75
13869.957498912225	750	32.90078983555648	0.0	369834	3715.0857973735215	0.6695266	0.75
13873.99761154852	750	32.86067719926127	0.0	412837	4040.1126362952145	0.6389717	0.75
13877.496488911569	750	33.361799836212775	0.0	401088	3498.8773630484948	0.64820683	0.75
13880.798480000887	750	34.05980874689466	0.0	365161	3301.991089318113	0.8422858	0.75
13883.708766569613	750	35.14952217816956	0.0	321064	2910.2865687250974	0.9355472	0.75
13887.262864073928	750	35.595424673854204	0.0	361565	3554.0975043153594	0.91450334	0.75
13890.874388058488	750	35.9839006892953	0.0	378327	3611.523984558911	0.86689144	0.75
13895.592018778721	750	35.26626996906138	0.0	390680	4717.630720233911	0.89010376	0.75
13898.882811810785	750	35.97547693699847	0.0	345516	3290.793032062914	0.75151443	0.75
13902.876073437557	750	35.9822153102262	0.0	384505	3993.26162677227	0.9491081	0.75
13907.008183150194	750	35.85010559758774	0.0	372093	4132.109712638458	0.92192876	0.75
13914.64469053972	750	32.21359820806053	0.0	438281	7636.507389527205	0.81194353	0.75
13918.80074941311	750	32.05753933467223	0.0	398987	4156.058873388307	0.74254143	0.75
13923.0176438116	750	31.840644936182674	0.0	393804	4216.894398489552	0.81980306	0.75
13926.900066362285	750	31.958222385497955	0.0	331053	3882.422550684723	1.0667402	0.75
13931.947427259689	750	30.910861488093428	0.0	314107	5047.360897404524	0.8858335	0.75

