6260.9981008126	750	4.0	6.619212714537035	450283	6619.212714537035	0.4834107	-27.71261467250925
6263.10906315685	300	5.8890376557490836	0.0	155580	2110.9623442509164	0.31740516	-0.15000000000000002
6264.91512516064	300	8.082975651959863	0.0	139857	1806.0620037892206	0.095938325	0.3
6267.632713071756	300	9.365387740844167	0.0	155432	2717.587911115697	0.092288814	0.3
6270.248881275486	300	10.749219537113932	0.0	163442	2616.1682037302335	0.08357265	0.3
6271.847934710044	300	13.150166102556996	0.0	126289	1599.0534345569358	0.20352241	0.3
6273.871657760589	300	15.126443052010968	0.0	153295	2023.723050546029	0.23217556	0.3
6277.068247818853	300	15.929852993747614	0.0	173849	3196.590058263353	0.1661825	0.3
6280.089827371967	300	16.9082734406336	0.0	150710	3021.579553114015	0.20649132	0.3
6281.966505459317	300	19.03159535328397	0.0	139105	1876.6780873496273	0.18974264	0.3
6284.302762997242	300	20.695337815359544	0.0	141840	2336.2575379244277	0.25984624	0.3
6286.321081637037	300	22.67701917556383	0.0	156148	2018.3186397957147	0.16776076	0.3
6288.383076979158	300	24.615023833442507	0.0	160746	2061.9953421213213	0.31295174	0.3
6290.624749926429	300	26.373350886171785	0.0	179801	2241.6729472707243	0.30554584	0.3
6292.256185207703	300	28.74191560489749	0.0	140051	1631.435281274297	0.58041406	0.3
6293.954763157291	300	31.043337655309355	0.0	138313	1698.5779495881313	0.5720707	0.3
6296.038357338724	300	32.9597434738759	0.0	143509	2083.594181433456	0.6649335	0.3
6297.367524327799	300	35.630576484800784	0.0	150616	1329.1669890751227	0.74726236	0.3
6298.5222698077105	300	38.47583100489038	0.0	165384	1154.7454799104007	1.1048332	0.3
6301.912163081644	750	39.08593773095672	0.0	350713	3389.8932739336597	1.3680495	0.3
6305.712048250225	750	39.28605256237571	0.0	386472	3799.885168581017	0.68150127	0.75
6309.156506681856	750	39.841594130745044	0.0	399894	3444.4584316306664	0.67532396	0.75
6312.05074799658	750	40.947352816020924	0.0	401853	2894.2413147241177	0.79927117	0.75
6314.621946628772	750	42.376154183829016	0.0	343800	2571.1986321919085	0.97097516	0.75
6317.457136788899	750	43.54096402370182	0.0	359903	2835.1901601271975	0.92203873	0.75
6320.4089177001915	750	44.58918311240848	0.0	379700	2951.780911293337	0.9247834	0.75
6323.7413749312545	750	45.2567258813461	0.0	425781	3332.4572310623776	0.8976026	0.75
6325.990430277241	750	47.00767053535867	0.0	277716	2249.055345987429	0.98463	0.75
6330.004976714715	750	46.99312409788521	0.0	400396	4014.546437473469	1.0584078	0.75
6334.590580373544	750	46.40752043905551	0.0	400508	4585.6036588296965	0.78554547	0.75
6338.8305665777825	750	46.16753423481647	0.0	358218	4239.986204239034	0.7205666	0.75
6345.704415510334	750	43.29368530226489	0.0	400322	6873.848932551579	0.80048996	0.75
6351.883765327711	750	41.1143354848875	0.0	369834	6179.349817377401	0.4865715	0.75
6356.534929820692	750	40.46317099190706	0.0	412837	4651.164492980429	0.4606951	0.75
6359.750003455762	750	41.24809735683674	0.0	401088	3215.073635070325	0.6724752	0.75
6362.687529709861	750	42.3105711027379	0.0	365161	2937.5262540988406	1.0421736	0.75
6366.220989337584	750	42.777111475015836	0.0	321064	3533.4596277220635	1.2369473	0.75
6371.800162231365	750	41.197938581234965	0.0	361565	5579.172893780872	1.0427647	0.75
6377.131416678198	750	39.86668413440275	0.0	378327	5331.254446832209	0.73790205	0.75
6381.783142120129	750	39.21495869247136	0.0	390680	4651.725441931391	0.75509495	0.75
6385.950611249185	750	39.04748956341548	0.0	345516	4167.46912905588	0.8498578	0.75
6390.082922495234	750	38.915178317366575	0.0	384505	4132.31124604891	0.8188457	0.75
6394.1526829291015	750	38.84541788349891	0.0	372093	4069.760433867659	0.9388641	0.75
6400.1557219581055	750	36.84237885449521	0.0	438281	6003.0390290037	0.9444693	0.75
6406.381409475695	750	34.61669133690518	0.0	398987	6225.6875175900395	0.74131495	0.75
6412.325107854759	750	32.6729929578416	0.0	393804	5943.698379063579	0.575641	0.75
6416.777373670358	750	32.220727142242296	0.0	331053	4452.265815599305	0.7545728	0.75
6421.07664320911	750	31.921457603490893	0.0	314107	4299.2695387514	0.7613657	0.75

