14800.705500853664	750	4.0	3.5013497766476167	450283	3501.3497766476166	0.61546737	-14.305804039584752
14802.706193903443	750	5.999306950223179	0.0	398865	2000.6930497768208	0.7229687	0.75
14804.264830214264	750	8.44067063940111	0.0	350812	1558.636310822068	0.5357715	0.75
14806.030129274395	750	10.675371579270124	0.0	382355	1765.2990601309868	0.6408245	0.75
14807.639098711044	750	13.066402142621186	0.0	411561	1608.9694366489382	0.8496497	0.75
14808.901617031985	750	15.803883821681344	0.0	318564	1262.5183209398413	1.0455458	0.75
14811.243048928442	1200	17.462451925223576	0.0	561791	2341.431896457768	1.1127557	0.75
14814.42648129858	1200	18.27901955508365	0.0	709534	3183.432370139928	0.39605296	1.2
14818.10188167325	1200	18.603619180414242	0.0	584846	3675.400374669408	0.5421141	1.2
14822.413888308642	1200	18.29161254502283	0.0	560821	4312.0066353914135	0.34546605	1.2
14826.20368203434	1200	18.501818819325266	0.0	607410	3789.7937256975647	0.32927892	1.2
14830.307587687563	1200	18.397913166101098	0.0	594078	4103.905653224167	0.2613703	1.2
14834.141110710847	1200	18.56439014281743	0.0	624282	3833.52302328367	0.24518947	1.2
14837.92734863397	1200	18.778152219694828	0.0	687371	3786.2379231225987	0.20723993	1.2
14842.17009323644	1200	18.535407617222646	0.0	526950	4242.744602472183	0.3254465	1.2
14848.798364352835	1200	15.907136500827532	0.0	587876	6628.271116395113	0.21732745	1.2
14855.262093040108	1200	13.443407813554273	0.0	617242	6463.728687273258	0.4889073	1.2
14862.706914655835	1200	9.998586197828653	0.0	581493	7444.82161572562	0.6811088	1.2
14866.07397300659	750	10.631527847071272	0.0	405596	3367.058350757379	1.0849637	0.3
14868.180679560948	750	12.524821292714002	0.0	350713	2106.7065543572717	0.37698185	0.75
14870.231021237949	750	14.474479615714156	0.0	386472	2050.3416769998457	0.44085017	0.75
14872.113349250152	750	16.592151603509542	0.0	399894	1882.3280122046122	0.4728377	0.75
14874.583127116162	750	18.122373737500617	0.0	401853	2469.777866008926	0.76363295	0.75
14876.116372322482	750	20.589128531180943	0.0	343800	1533.2452063196722	0.81913257	0.75
14877.603050562442	750	23.10245029122016	0.0	359903	1486.6782399607885	1.1710204	0.75
14881.109691471553	1200	23.595809382108957	0.0	590335	3506.6409091111996	1.2633743	0.75
14889.45669294205	1200	19.248807911610637	0.0	696376	8347.001470498319	0.44911984	1.2
14892.184300965177	1200	20.52119988848463	0.0	487160	2727.6080231260066	0.7602814	1.2
14895.981490613982	1200	20.724010239679263	0.0	622896	3797.1896488053662	0.5389205	1.2
14899.283916074388	1200	21.42158477927341	0.0	641447	3302.4254604058565	0.41023672	1.2
14902.741941455568	1200	21.963559398094322	0.0	570392	3458.025381179087	0.8010939	1.2
14906.103088096907	1200	22.602412756754383	0.0	620283	3361.1466413399376	0.4926197	1.2
14908.047259306217	1200	24.6582415474443	0.0	584349	1944.1712093100816	0.70837903	1.2
14910.541128572739	1200	26.16437228092309	0.0	670129	2493.8692665212116	0.9312488	1.2
14913.022288507336	1200	27.683212346323465	0.0	690253	2481.1599345996246	1.0503927	1.2
14917.372875449719	1850	27.332625403941368	0.0	943942	4350.586942382097	1.0501742	1.2000000000000002
14920.614168685861	1850	28.091332167800246	0.0	728962	3241.2932361411235	0.7500821	1.85
14924.286307144468	1850	28.419193709191678	0.0	938587	3672.1384586085683	0.5764101	1.85
14927.85888055891	1850	28.84662029475066	0.0	908665	3572.5734144410144	0.68721753	1.85
14931.210710327092	1850	29.49479052656808	0.0	930577	3351.8297681825775	0.698928	1.85
14934.202168031525	1850	30.50333282213611	0.0	858450	2991.4577044319744	0.77307993	1.85
14937.976527983306	1850	30.728972870354657	0.0	1025005	3774.3599517814505	0.73408574	1.85
14941.209566898238	1850	31.495933955423478	0.0	886255	3233.038914931177	0.79677355	1.85
14944.122595997558	1850	32.58290485610278	0.0	973972	2913.029099320699	0.68926376	1.85
14947.62986455624	1850	33.07563629742202	0.0	958994	3507.2685586807597	0.96040124	1.85
14951.340817820725	1850	33.36468303293824	0.0	982064	3710.953264483794	0.84184563	1.85
14954.337920285812	1850	34.36758056785098	0.0	830730	2997.10246508726	1.0723009	1.85
14957.373154485014	1850	35.332346368648054	0.0	846370	3035.234199202923	0.8864254	1.85

