20555.15932886571	750	4.0	6.602941104200595	450283	6602.941104200595	0.6928025	-27.642646748062557
20556.780577034286	300	6.378751831422763	0.0	155580	1621.2481685772375	0.3192212	-0.15000000000000002
20558.415567828226	300	8.743761037482852	0.0	139857	1634.990793939913	0.18922913	0.3
20560.377507071793	300	10.78182179391646	0.0	155432	1961.9392435663906	0.1399453	0.3
20562.41545822636	300	12.743870639348641	0.0	163442	2037.9511545678201	0.20566648	0.3
20564.138811877732	300	15.020516987977592	0.0	126289	1723.353651371049	0.4346609	0.3
20567.11138740818	300	16.04794145752979	0.0	153295	2972.575530447798	0.38015103	0.3
20568.905315372303	300	18.254013493403146	0.0	173849	1793.9279641266485	0.17098446	0.3
20570.51051512036	300	20.648813745344214	0.0	150710	1605.1997480589303	0.49781102	0.3
20572.25339583567	300	22.90593303003619	0.0	139105	1742.8807153080222	0.5839437	0.3
20573.87983282843	300	25.279496037276587	0.0	141840	1626.4369927596035	0.55443037	0.3
20575.257704630283	300	27.901624235422688	0.0	156148	1377.8718018538968	0.55547404	0.3
20576.475928869935	300	30.683399995767914	0.0	160746	1218.2242396547738	0.8899901	0.3
20577.72569325553	300	33.433635610175045	0.0	179801	1249.7643855928686	1.0668851	0.3
20580.140735948313	750	35.01859291739058	0.0	337059	2415.042692784463	1.2703259	0.3
20583.253975943546	750	35.905352922156595	0.0	366214	3113.239995233978	0.7165429	0.75
20586.280891328086	750	36.878437537619774	0.0	360831	3026.9153845368282	0.62727517	0.75
20589.354154928908	750	37.80517393679814	0.0	372963	3073.263600821626	0.7771931	0.75
20592.53434537647	750	38.62498348923821	0.0	405596	3180.190447559927	0.7508903	0.75
20596.008843008764	750	39.15048585694386	0.0	350713	3474.497632294355	0.72877353	0.75
20599.517543234448	750	39.641785631259225	0.0	386472	3508.700225684633	0.68850404	0.75
20603.298980931046	750	39.860347934661796	0.0	399894	3781.437696597429	0.7157895	0.75
20606.77222224071	750	40.38710662500187	0.0	401853	3473.2413096599257	0.66328716	0.75
20609.211575930487	750	41.94775293522286	0.0	343800	2439.3536897790123	0.72229666	0.75
20612.67606485554	750	42.4832640101706	0.0	359903	3464.4889250522597	0.92380327	0.75
20615.73527901454	750	43.42404985116712	0.0	379700	3059.214159003481	0.7190585	0.75
20619.049745064225	750	44.10958380148565	0.0	425781	3314.4660496814668	0.79217213	0.75
20621.414941902553	750	45.744386963157424	0.0	277716	2365.1968383282224	0.9753018	0.75
20624.354369355537	750	46.80495951017086	0.0	400396	2939.4274529865647	0.9725621	0.75
20627.75668297038	750	47.402645895330025	0.0	400508	3402.3136148408344	1.0197203	0.75
20631.029939209864	750	48.129389655846836	0.0	358218	3273.2562394831893	0.91504705	0.75
20636.14739838223	750	47.01193048348103	0.0	400322	5117.459172365803	0.97683877	0.75
20641.482324225137	750	45.677004640575106	0.0	369834	5334.925842905929	0.6827861	0.75
20646.250826276955	750	44.90850258875612	0.0	412837	4768.502051818986	0.6399123	0.75
20653.221006843087	750	41.938322022623545	0.0	401088	6970.180566132574	0.7438695	0.75
20657.097069576907	750	42.062259288803034	0.0	365161	3876.0627338205068	0.51302695	0.75
20659.227784248465	750	43.93154461724825	0.0	321064	2130.714671554789	1.0266399	0.75
20662.467757698283	750	44.69157116742916	0.0	361565	3239.9734498190865	1.3208681	0.75
20665.869371294324	750	45.28995757138977	0.0	378327	3401.6135960393854	1.1388444	0.75
20670.62702374951	750	44.53230511620655	0.0	390680	4757.652455183217	1.2586279	0.75
20678.724160543126	750	40.435168322588886	0.0	345516	8097.136793617667	1.063049	0.75
20686.041515274817	750	37.1178135908936	0.0	384505	7317.354731695293	0.6912852	0.75
20691.996464784363	750	35.16286408135091	0.0	372093	5954.949509542687	0.61093915	0.75
20695.816532574012	750	35.34279629170025	0.0	438281	3820.067789650661	0.6301585	0.75
20699.124473167045	750	36.03485569866938	0.0	398987	3307.9405930308726	1.0449939	0.75
20702.164532300758	750	36.99479656495448	0.0	393804	3040.0591337149012	1.1646703	0.75
20708.64668078513	1850	34.51264808058596	0.0	830730	6482.1484843685175	1.4378384	0.75
20714.404140729155	1850	32.75518813655928	0.0	846370	5757.459944026675	0.4044147	1.85

