6612.023622653181	750	4.0	6.8100179178166504	450283	6810.017917816651	0.52022296	-28.533077046611595
6613.187937953499	300	6.835684699681131	0.0	155580	1164.3153003188686	0.2969617	-0.15000000000000002
6614.146071504921	300	9.877551148259398	0.0	139857	958.1335514217336	0.48678505	0.3
6615.27513494781	300	12.748487705369673	0.0	155432	1129.0634428897242	0.6789764	0.3
6616.569912086466	300	15.453710566715028	0.0	163442	1294.7771386546447	1.0042285	0.3
6618.841529605914	750	17.182093047266804	0.0	318564	2271.6175194482216	1.0778872	0.3
6621.312988758614	750	18.71063389456724	0.0	352642	2471.4591526995637	0.65839565	0.75
6624.495202330148	750	19.528420323033178	0.0	437162	3182.2135715340632	0.51854813	0.75
6627.190581026842	750	20.83304162633879	0.0	374758	2695.3786966943867	0.35746372	0.75
6630.442190770009	750	21.581431883172336	0.0	362795	3251.609743166451	0.4647134	0.75
6633.461333603679	750	22.562289049501462	0.0	353220	3019.1428336708727	0.38635665	0.75
6636.49285012735	750	23.53077252583102	0.0	405134	3031.516523670442	0.479872	0.75
6639.729266053227	750	24.29435659995346	0.0	386351	3236.415925877561	0.3972165	0.75
6642.984861021238	750	25.038761631942215	0.0	434409	3255.594968011242	0.37725902	0.75
6645.781683308096	750	26.241939345085065	0.0	337059	2796.8222868571493	0.51305175	0.75
6649.122102505907	750	26.9015201472743	0.0	366214	3340.419197810765	0.44591007	0.75
6652.88330309776	750	27.140319555420188	0.0	360831	3761.2005918541095	0.3628668	0.75
6658.589405994706	750	25.434216658474593	0.0	372963	5706.102896945593	0.4148516	0.75
6662.3594584083085	750	25.664164244872648	0.0	405596	3770.0524136019435	0.45614335	0.75
6665.408381971661	750	26.61524068151951	0.0	350713	3048.9235633531384	0.39072526	0.75
6669.403116971202	750	26.620505681979157	0.0	386472	3994.7349995403515	0.53811073	0.75
6673.483671243552	750	26.539951409627974	0.0	399894	4080.5542723511826	0.33554846	0.75
6677.220222123661	750	26.803400529519255	0.0	401853	3736.5508801087212	0.35621202	0.75
6680.7266762467	750	27.296946406480224	0.0	343800	3506.454123039032	0.43088794	0.75
6683.77134137384	750	28.252281279340167	0.0	359903	3044.665127140057	0.42841747	0.75
6687.3420950076315	750	28.68152764554865	0.0	379700	3570.7536337915176	0.5676314	0.75
6693.333378462882	750	26.690244190298607	0.0	425781	5991.283455250043	0.39688787	0.75
6696.84887511753	750	27.174747535649946	0.0	277716	3515.496654648662	0.48952088	0.75
6701.089600408222	750	26.934022244957298	0.0	400396	4240.725290692646	0.5109208	0.75
6705.367202966748	750	26.65641968643164	0.0	400508	4277.602558525656	0.47183546	0.75
6709.096930071799	750	26.926692581380124	0.0	358218	3729.7271050515164	0.36629274	0.75
6716.5348100823285	750	23.48881257085034	0.0	400322	7437.880010529786	0.47907946	0.75
6724.9614842919955	750	19.062138361182885	0.0	369834	8426.674209667453	0.52960736	0.75
6730.287053709881	750	17.73656894329821	0.0	412837	5325.569417884675	0.7832119	0.75
6732.9917936334805	750	19.03182901969779	0.0	401088	2704.7399236004235	0.4463757	0.75
6737.295443978889	750	18.728178674289097	0.0	365161	4303.65034540869	0.6465655	0.75
6739.6996296014095	750	20.323993051767946	0.0	321064	2404.185622521154	0.38717982	0.75
6742.207583376851	750	21.816039276326915	0.0	361565	2507.9537754410294	0.83282036	0.75
6744.499717072128	750	23.523905581049636	0.0	378327	2292.133695277279	1.097697	0.75
6746.748468743154	750	25.275153910024358	0.0	390680	2248.7516710252785	1.1964873	0.75
6752.383020798687	1850	23.640601854491614	0.0	858450	5634.552055532742	1.3139325	0.75
6760.831102979393	1850	19.192519673786105	0.0	1025005	8448.082180705513	0.46189526	1.85
6768.609623619717	1850	15.413999033461565	0.0	886255	7778.52064032454	0.6810729	1.85
6776.6598061716595	1850	11.363816481519926	0.0	973972	8050.18255194164	0.8804524	1.85
6781.4624922362445	1200	10.561130416934386	0.0	630203	4802.68606458554	1.1020701	0.5499999999999999
6786.86817753755	1200	9.155445115629107	0.0	638661	5405.685301305279	0.7697561	1.2
6791.012132587261	1200	9.011490065918776	0.0	538612	4143.955049710329	0.945742	1.2
6794.887454243436	1200	9.136168409744176	0.0	550906	3875.3216561746012	1.0050888	1.2

