15810.347112846859	750	4.0	3.383176362969059	450283	3383.176362969059	0.8374684	-13.797658360766953
15815.951821090623	750	4.0	1.6047082437637228	398865	5604.708243763723	0.7091757	-6.150245448184008
15817.162859873704	300	6.788961216917923	0.0	139857	1211.0387830820769	0.7068965	-0.15000000000000002
15818.338992234463	300	9.612828856158764	0.0	155432	1176.1323607591607	0.3017755	0.3
15819.594755227607	300	12.357065863014622	0.0	163442	1255.76299314414	0.6458125	0.3
15820.514101846009	300	15.437719244612355	0.0	126289	919.3466184022667	0.99647385	0.3
15821.571730377515	300	18.38009071310886	0.0	153295	1057.6285315034936	1.0391966	0.3
15823.00275322489	300	20.949067865733475	0.0	173849	1431.0228473753862	0.91674125	0.3
15826.049982017727	750	21.90183907289587	0.0	374758	3047.2287928376018	0.9979739	0.3
15829.186531611836	750	22.76528947878631	0.0	362795	3136.54959410956	0.31565613	0.75
15832.11865066308	750	23.833170427542736	0.0	353220	2932.1190512435755	0.4434361	0.75
15838.076522857498	750	21.87529823312444	0.0	405134	5957.872194418298	0.4647015	0.75
15842.102255272204	750	21.84956581841924	0.0	386351	4025.7324147052	0.34120873	0.75
15845.242893245064	750	22.708927845559106	0.0	434409	3140.6379728601337	0.30369228	0.75
15847.484653487661	750	24.467167602960572	0.0	337059	2241.760242598532	0.4346891	0.75
15849.808155823008	750	26.143665267615162	0.0	366214	2323.5023353454135	0.50719506	0.75
15852.569117537563	750	27.38270355305892	0.0	360831	2760.9617145562415	0.538358	0.75
15855.576713411023	750	28.375107679600664	0.0	372963	3007.5958734582573	0.5451065	0.75
15858.861997534295	750	29.089823556326333	0.0	405596	3285.284123274329	0.59857035	0.75
15860.942699361342	750	31.009121729281095	0.0	350713	2080.701827045239	0.58442444	0.75
15863.371066898988	750	32.58075419163301	0.0	386472	2428.3675376480805	0.8587851	0.75
15866.221161316587	750	33.73065977403498	0.0	399894	2850.0944175980303	0.7856286	0.75
15868.955723024554	750	34.996098066066445	0.0	401853	2734.561707968541	0.7277712	0.75
15871.341896156124	750	36.609924934497464	0.0	343800	2386.1731315689794	0.8942181	0.75
15873.784269145675	750	38.167551944944925	0.0	359903	2442.3729895525416	0.9154906	0.75
15876.4179281225	750	39.533892968119964	0.0	379700	2633.6589768249632	0.9581138	0.75
15879.485390573534	750	40.466430517084994	0.0	425781	3067.4624510349763	0.856187	0.75
15881.559910323072	750	42.39191076754815	0.0	277716	2074.519749536841	1.0308964	0.75
15884.66812501988	750	43.28369607073962	0.0	400396	3108.2146968085326	1.0932344	0.75
15887.38291540314	750	44.56890568748035	0.0	400508	2714.7903832592724	0.948116	0.75
15892.462953517312	750	43.488867573307694	0.0	358218	5080.038114172654	1.1431391	0.75
15896.147178308205	750	43.80464278241431	0.0	400322	3684.224790893388	0.70079815	0.75
15900.858828366194	750	43.09299272442561	0.0	369834	4711.650057988703	0.9484333	0.75
15904.804159746893	750	43.14766134372767	0.0	412837	3945.3313806979418	0.7223528	0.75
15907.65468174981	750	44.29713934081046	0.0	401088	2850.5220029172083	0.80932426	0.75
15910.474896376136	750	45.476924714482614	0.0	365161	2820.214626327848	1.1549875	0.75
15913.08393465455	750	46.86788643606943	0.0	321064	2609.03827841318	1.2623217	0.75
15916.236530482025	750	47.715290608593385	0.0	361565	3152.595827476051	1.2526966	0.75
15919.548126057713	750	48.40369503290652	0.0	378327	3311.595575686861	1.265745	0.75
15925.644871318462	750	46.306949772158305	0.0	390680	6096.745260748223	1.2522875	0.75
15928.87776315187	750	47.07405793875068	0.0	345516	3232.8918334076207	0.83097535	0.75
15931.699952581814	750	48.25186850880642	0.0	384505	2822.189429944268	1.2286106	0.75
15937.424928849745	1850	46.526892240874204	0.0	886255	5724.976267932206	1.4363604	0.75
15945.182580914354	1850	42.76924017626528	0.0	973972	7757.652064608928	0.9095445	1.85
15951.15318034943	1850	40.79864074118993	0.0	958994	5970.599435075352	0.86620796	1.85
15957.773246501652	1850	38.17857458896786	0.0	982064	6620.066152222058	0.6779056	1.85
15963.461570666423	1850	36.49025042419745	0.0	830730	5688.324164770418	0.72974247	1.85
15969.662133516	1850	34.28968757461988	0.0	846370	6200.562849577558	0.5675768	1.85

