22657.079923870337	750	4.0	2.943433872988283	450283	2943.4338729882834	0.540481	-11.906765653849618
22658.86085482201	750	6.219069048327484	0.0	398865	1780.930951672515	0.6152916	0.75
22660.63038971396	750	8.449534156378364	0.0	350812	1769.534891949121	0.6669083	0.75
22662.69709124763	750	10.38283262270498	0.0	382355	2066.701533673385	0.5508216	0.75
22664.930105611347	750	12.14981825899194	0.0	411561	2233.014363713041	0.6959118	0.75
22666.63019630299	750	14.44972756734608	0.0	318564	1700.090691645859	0.8198669	0.75
22668.493137259222	750	16.58678661111628	0.0	352642	1862.9409562297988	0.832386	0.75
22670.537698227534	750	18.542225642807672	0.0	437162	2044.5609683086088	0.72131413	0.75
22672.448713283302	750	20.631210587040293	0.0	374758	1911.015055767381	0.9812838	0.75
22674.078405056243	750	23.001518814098706	0.0	362795	1629.6917729415864	0.9353764	0.75
22675.514497615724	750	25.565426254615247	0.0	353220	1436.0925594834575	1.0263779	0.75
22677.26149053479	750	27.818433335551642	0.0	405134	1746.9929190636049	1.0894846	0.75
22679.018441060867	750	30.06148280947455	0.0	386351	1756.9505260770923	1.1000552	0.75
22680.93343184584	750	32.14649202450275	0.0	434409	1914.9907849718004	1.0850408	0.75
22682.270910216175	750	34.80901365416845	0.0	337059	1337.478370334295	1.2761465	0.75
22683.962785020118	750	37.11713885022859	0.0	366214	1691.8748039398629	1.2671349	0.75
22685.81574433611	750	39.264179534236725	0.0	360831	1852.9593159918672	1.1489161	0.75
22687.54154145237	750	41.53838241797741	0.0	372963	1725.7971162593133	1.2993206	0.75
22689.379641276715	750	43.700282593634846	0.0	405596	1838.099824342563	1.2944958	0.75
22690.812096673206	750	46.26782719714236	0.0	350713	1432.455396492487	1.3161392	0.75
22695.60835030216	1850	45.47157356818759	0.0	891604	4796.253628954772	1.38239	0.75
22701.312812925757	1850	43.767110944590485	0.0	955231	5704.462623597103	0.87591666	1.85
22707.53368213918	1850	41.546241731167264	0.0	968026	6220.869213423228	0.8434286	1.85
22711.216669842313	1850	41.86325402803396	0.0	874175	3682.987703133298	0.7822579	1.85
22715.062712143783	1850	42.01721172656689	0.0	897976	3846.042301467068	0.7645209	1.85
22719.05189097534	1850	42.02803289500763	0.0	905935	3989.178831559266	0.7969279	1.85
22723.775651106076	1850	41.30427276427274	0.0	1076599	4723.760130734886	0.7232894	1.85
22726.913592947854	1850	42.166330922493245	0.0	758197	3137.9418417794946	0.62242925	1.85
22731.036891509837	1850	42.04303236050938	0.0	972798	4123.298561983868	0.59257823	1.85
22735.37981427078	1850	41.70010959956726	0.0	975811	4342.922760942111	0.56587404	1.85
22739.809205318186	1850	41.270718552159536	0.0	873429	4429.391047407724	0.5577116	1.85
22744.408514655555	1850	40.67140921478869	0.0	954453	4599.309337370849	0.65605474	1.85
22748.92526262586	1850	40.1546612444823	0.0	885062	4516.747970306393	0.5435567	1.85
22754.82465902739	1850	38.255264842953515	0.0	1035329	5899.396401528776	0.5857405	1.85
22762.825532482202	1850	34.25439138813904	0.0	1026056	8000.873454814477	0.54224443	1.85
22769.917860649733	1850	31.162063220609067	0.0	943942	7092.328167529971	0.4962337	1.85
22777.942926287735	1850	27.13699758260973	0.0	728962	8025.06563799934	0.5347432	1.85
22786.33751341749	1850	22.74241045285316	0.0	938587	8394.58712975657	0.676596	1.85
22798.934770289594	1850	14.145153580750868	0.0	908665	12597.256872102293	0.80677086	1.85
22807.35341727376	750	9.726506596583564	0.0	390680	8418.646984167304	1.2741238	-0.3500000000000001
22810.754045079506	300	10.325878790838225	0.0	147968	3400.62780574534	0.7470841	-0.15000000000000002
22813.563683163913	300	11.516240706428503	0.0	161857	2809.6380844097193	0.19580868	0.3
22815.58178116595	300	13.498142704393432	0.0	145210	2018.0980020350703	0.37521	0.3
22818.8713263795	300	14.208597490841253	0.0	172312	3289.54521355218	0.7234608	0.3
22822.73418905848	300	14.345734811863245	0.0	167025	3862.8626789780083	0.5994355	0.3
22825.569554154306	300	15.51036971603669	0.0	160064	2835.3650958265553	0.5251865	0.3
22827.378739217256	300	17.701184653086578	0.0	137507	1809.185062950113	0.8186849	0.3
22828.831570487564	300	20.24835338277776	0.0	118421	1452.8312703088168	1.1351149	0.3

