13417.483329201556	750	4.0	3.252274383373264	450283	3252.2743833732643	0.059003107	-13.234779848505035
13419.751318835652	750	5.732010365904043	0.0	398865	2267.989634095957	0.6874318	0.75
13421.066376908342	750	8.41695229321333	0.0	350812	1315.058072690713	0.4355875	0.75
13422.621445429882	750	10.861883771671835	0.0	382355	1555.0685215414942	0.782619	0.75
13424.186982013429	750	13.296347188125658	0.0	411561	1565.5365835461778	0.99318445	0.75
13425.90049393769	1200	15.58283526386496	0.0	520315	1713.5119242606986	1.1106431	0.75
13428.017008156674	1200	17.466321044881084	0.0	561791	2116.5142189838753	0.7298748	1.2
13431.276988473339	1200	18.206340728216585	0.0	709534	3259.9803166644997	0.4346281	1.2
13434.041305791008	1200	19.442023410548508	0.0	584846	2764.317317668078	0.62515926	1.2
13436.657002299096	1200	20.826326902459776	0.0	560821	2615.696508088732	0.52470714	1.2
13438.693476679582	1200	22.78985252197482	0.0	607410	2036.4743804849563	0.51360625	1.2
13441.252361828338	1200	24.23096737321868	0.0	594078	2558.8851487561396	0.73499167	1.2
13443.533627729797	1200	25.949701471760047	0.0	624282	2281.265901458631	0.58599764	1.2
13448.514214087087	1200	24.96911511447216	0.0	687371	4980.586357287889	0.62271816	1.2
13450.674620422904	1200	26.808708778654665	0.0	526950	2160.406335817493	0.56239897	1.2
13453.108717182635	1200	28.374612018922903	0.0	587876	2434.0967597317617	0.59053975	1.2
13455.753291974965	1200	29.730037226592184	0.0	617242	2644.5747923307217	0.7537643	1.2
13458.124528235574	1200	31.358800965984926	0.0	581493	2371.2362606072566	0.8537395	1.2
13460.540300333365	1200	32.943028868192414	0.0	639204	2415.7720977925133	0.71326804	1.2
13462.874282442473	1200	34.60904675908515	0.0	586839	2333.98210910726	1.0468858	1.2
13465.483192768654	1200	36.00013643290427	0.0	601738	2608.910326180881	0.9745723	1.2
13468.387030667061	1200	37.096298534497514	0.0	616206	2903.8378984067517	1.0385766	1.2
13472.83343116413	1200	36.649898037428365	0.0	656471	4446.400497069151	0.9155008	1.2
13476.569121622406	1200	36.914207579152354	0.0	536667	3735.690458276008	0.75993085	1.2
13481.247434141538	1200	36.23589506001879	0.0	587236	4678.312519133566	0.73612636	1.2
13485.155327111566	1200	36.328002089991145	0.0	590335	3907.8929700276467	0.4887448	1.2
13488.648156854768	1200	36.835172346789754	0.0	696376	3492.829743201392	0.5608633	1.2
13490.94730947635	1200	38.53601972520665	0.0	487160	2299.1526215831063	1.0596857	1.2
13494.03079931798	1200	39.452529883577334	0.0	622896	3083.489841629313	1.1112475	1.2
13498.30764801226	1200	39.17568118929702	0.0	641447	4276.848694280315	0.9486675	1.2
13503.221584192985	1200	38.261745008574024	0.0	570392	4913.936180722993	0.8881064	1.2
13507.43739057906	1200	38.04593862249721	0.0	620283	4215.806386076819	0.5023094	1.2
13509.528547494348	1200	39.95478170720918	0.0	584349	2091.156915288032	0.8298773	1.2
13514.388422406082	1850	39.094906795474806	0.0	1035329	4859.87491173438	1.293204	1.2000000000000002
13518.768391043168	1850	38.71493815838975	0.0	1026056	4379.968637085053	0.6473509	1.85
13522.920291035267	1850	38.56303816629031	0.0	943942	4151.899992099442	0.66224074	1.85
13527.04232297928	1850	38.44100622227757	0.0	728962	4122.031944012739	0.72761256	1.85
13534.494582560617	1850	34.988746640938274	0.0	938587	7452.259581339301	0.60600114	1.85
13540.422159802574	1850	33.06116939898065	0.0	908665	5927.577241957621	0.5258468	1.85
13544.377140003282	1850	33.106189198273185	0.0	930577	3954.9802007074672	0.5043449	1.85
13547.155871024965	1850	34.32745817659139	0.0	858450	2778.7310216817928	0.5567062	1.85
13551.838536071682	1850	33.644793129873776	0.0	1025005	4682.665046717614	0.5708371	1.85
13555.059799212659	1850	34.42352998889723	0.0	886255	3221.2631409765463	0.6022226	1.85
13557.54626054923	1850	35.93706865232482	0.0	973972	2486.4613365724117	0.5821966	1.85
13560.508342361423	1850	36.97498684013105	0.0	958994	2962.0818121937605	0.98891544	1.85
13567.370131828926	1850	34.11319737262824	0.0	982064	6861.789467502809	0.89801645	1.85
13576.398000411442	1850	29.08532879011349	0.0	830730	9027.868582514757	1.0250552	1.85
13581.741818027956	1850	27.741511173598983	0.0	846370	5343.817616514505	0.86288846	1.85

