3319.3760208149793	750	4.0	1.8710689380755445	450283	1871.0689380755446	0.986248	-7.295596433724841
3320.9790347267726	750	6.396986088206931	0.0	398865	1603.0139117930696	0.5647278	0.75
3322.111787505227	750	9.264233309752525	0.0	350812	1132.7527784544063	0.812864	0.75
3323.1752373503487	750	12.200783464630447	0.0	382355	1063.449845122077	1.008041	0.75
3324.94427853706	1200	14.431742277919234	0.0	652874	1769.0411867112127	1.2275673	0.75
3326.2845761043836	1200	17.09144471059594	0.0	520315	1340.2975673232927	1.015166	1.2
3328.9579699629926	1850	18.41805085198688	0.0	905515	2673.3938586090603	1.0065879	1.2000000000000002
3333.829407819291	1850	17.54661299568825	0.0	1060487	4871.437856298632	0.46477166	1.85
3336.8045155606833	1850	18.571505254296188	0.0	852833	2975.107741392062	0.38171336	1.85
3339.6378516468753	1850	19.73816916810416	0.0	913888	2833.33608619203	0.39976487	1.85
3342.075825724183	1850	21.300195090796883	0.0	939819	2437.974077307278	0.5179449	1.85
3344.931517985532	1850	22.44450282944761	0.0	917428	2855.6922613492716	0.6147793	1.85
3348.272060066319	1850	23.103960748660736	0.0	946851	3340.5420807868745	0.5317891	1.85
3351.4328338900696	1850	23.943186924910197	0.0	1036454	3160.7738237505378	0.43810034	1.85
3353.6041798388615	1850	25.77184097611845	0.0	821631	2171.3459487917467	0.59286684	1.85
3356.731262888967	1850	26.644757926012723	0.0	923170	3127.083050105727	0.5584685	1.85
3360.0882189925173	1850	27.287801822462527	0.0	966699	3356.956103550199	0.44157866	1.85
3363.399607085327	1850	27.976413729652958	0.0	885714	3311.388092809567	0.6919316	1.85
3367.522214534596	1850	27.85380628038368	0.0	987708	4122.607449269277	0.5720816	1.85
3371.5637494891066	1850	27.812271325873276	0.0	923755	4041.5349545104054	0.54030085	1.85
3375.2951579393794	1850	28.08086287560056	0.0	891604	3731.408450272717	0.52241063	1.85
3382.1645596202648	1850	25.211461194715316	0.0	955231	6869.401680885242	0.52993655	1.85
3388.728323214847	1850	22.64769760013327	0.0	968026	6563.763594582047	0.362921	1.85
3399.4976054333006	1850	15.878415381680025	0.0	874175	10769.282218453245	0.35358006	1.85
3407.2565315065385	1850	12.119489308442441	0.0	897976	7758.926073237584	1.071326	1.85
3412.153474405143	1200	11.22254640983803	0.0	590335	4896.94289860441	1.1725343	0.5499999999999999
3418.1030701121213	1200	9.272950702859712	0.0	696376	5949.595706978319	0.8865558	1.2
3422.8466720231595	1200	8.529348791821533	0.0	487160	4743.601911038177	0.968736	1.2
3427.086077750066	750	8.289943064914672	0.0	400396	4239.405726906862	1.0252508	0.3
3432.1469926627237	750	7.229028152257506	0.0	400508	5060.9149126571665	0.57491106	0.75
3435.400536228073	750	7.975484586907845	0.0	358218	3253.5435653496615	0.5941295	0.75
3438.687267982743	750	8.688752832238585	0.0	400322	3286.7317546692598	0.35142633	0.75
3441.4444963170063	750	9.931524497975062	0.0	369834	2757.2283342635214	0.31260136	0.75
3444.7714732502413	750	10.604547564739715	0.0	412837	3326.976933235349	0.37961486	0.75
3447.998741659479	750	11.377279155501878	0.0	401088	3227.2684092378363	0.4235807	0.75
3450.929272368163	750	12.446748446818102	0.0	365161	2930.530708683774	0.5813723	0.75
3453.6734162220932	750	13.702604592887758	0.0	321064	2744.1438539303463	0.77051234	0.75
3456.5155180819197	750	14.86050273306101	0.0	361565	2842.101859826747	0.5879351	0.75
3459.597120844316	750	15.778899970664334	0.0	378327	3081.6027623966766	0.79039896	0.75
3462.74382534042	750	16.63219547456065	0.0	390680	3146.704496103686	0.8358019	0.75
3465.43024032525	750	17.945780489730385	0.0	345516	2686.4149848302627	0.92738223	0.75
3469.195375461081	750	18.18064535389968	0.0	384505	3765.1351358307043	0.8626041	0.75
3473.159407089398	750	18.216613725582924	0.0	372093	3964.031628316759	0.8958049	0.75
3477.4400216737863	750	17.93599914119437	0.0	438281	4280.614584388555	0.8187958	0.75
3480.2215992757056	750	19.1544215392752	0.0	398987	2781.577601919167	0.8937435	0.75
3482.5676881093377	750	20.808332705642936	0.0	393804	2346.0888336322655	0.96242607	0.75
3485.0064326684383	750	22.36958814654251	0.0	331053	2438.744559100424	1.3152137	0.75
3487.3577476829114	750	24.01827313206928	0.0	314107	2351.315014473231	1.1293428	0.75

