5225.690456728848	750	4.0	1.6438931885945212	450283	1643.8931885945212	0.3430056	-6.31874071095644
5227.401381464053	750	6.289075264795886	0.0	398865	1710.924735204114	0.68953234	0.75
5229.168229122368	750	8.52222760648134	0.0	350812	1766.847658314546	0.7482611	0.75
5230.82885023203	750	10.86160649681881	0.0	382355	1660.6211096625318	0.5847727	0.75
5232.796214073174	750	12.894242655674041	0.0	411561	1967.3638411447678	1.0043228	0.75
5236.192056760093	1200	13.498399968755665	0.0	520315	3395.842686918376	0.9211814	0.75
5239.041708338761	1200	14.648748390087864	0.0	561791	2849.6515786678005	0.3226571	1.2
5241.943942502206	1200	15.746514226643791	0.0	709534	2902.2341634440727	0.31836855	1.2
5244.566967981201	1200	17.123488747647986	0.0	584846	2623.025478995803	0.5085311	1.2
5246.784712631043	1200	18.90574409780626	0.0	560821	2217.7446498417257	0.45701718	1.2
5249.26953894314	1200	20.420917785708216	0.0	607410	2484.8263120980414	0.580863	1.2
5251.880171732906	1200	21.81028499594188	0.0	594078	2610.6327897663346	0.45448294	1.2
5254.540490795311	1200	23.149965933537878	0.0	624282	2660.3190624040044	0.4358861	1.2
5259.203080286235	1200	22.48737644261374	0.0	687371	4662.589490924138	0.4394818	1.2
5262.846720022955	1200	22.84373670589296	0.0	526950	3643.6397367207805	0.49863502	1.2
5266.598477660079	1200	23.09197906876892	0.0	587876	3751.757637124042	0.2983051	1.2
5270.517080342529	1200	23.173376386318036	0.0	617242	3918.602682450885	0.30947316	1.2
5274.117460384892	1200	23.572996343954777	0.0	581493	3600.380042363258	0.289655	1.2
5279.749990960606	1200	21.94046576824152	0.0	639204	5632.530575713258	0.26509237	1.2
5284.4043635883445	1200	21.28609314050294	0.0	586839	4654.372627738582	0.23001063	1.2
5290.559158156924	1200	19.13129857192321	0.0	601738	6154.794568579728	0.20907441	1.2
5294.095404558944	1200	19.59505216990269	0.0	616206	3536.24640202052	0.29579875	1.2
5296.921854615752	1200	20.76860211309515	0.0	656471	2826.4500568075405	0.2698471	1.2
5298.61173846729	1200	23.07871826155629	0.0	536667	1689.883851538861	0.5101247	1.2
5300.533620569497	1200	25.156836159349705	0.0	587236	1921.8821022065806	0.9699394	1.2
5303.9377335258605	1200	25.752723202985802	0.0	590335	3404.1129563639033	0.9393959	1.2
5309.101926004824	1200	24.588530724021943	0.0	696376	5164.192478963858	0.6496285	1.2
5311.505695203856	1200	26.184761524990414	0.0	487160	2403.7691990315325	0.82910734	1.2
5314.678909758176	1200	27.011546970670775	0.0	622896	3173.2145543196402	0.6618894	1.2
5316.5949152433905	1200	29.095541485456636	0.0	641447	1916.005485214135	0.6755216	1.2
5319.669830994567	1850	30.020625734280053	0.0	873429	3074.9157511765834	1.0993633	1.2000000000000002
5323.732805427348	1850	29.957651301499396	0.0	954453	4062.9744327806534	0.71674997	1.85
5327.032660397827	1850	30.657796331019156	0.0	885062	3299.854970480244	0.5206741	1.85
5331.0935284741	1850	30.59692825474707	0.0	1035329	4060.8680762720865	0.5507352	1.85
5334.125494260725	1850	31.564962468122797	0.0	1026056	3031.965786624272	0.574519	1.85
5336.740452536708	1850	32.950004192138515	0.0	943942	2614.9582759842883	0.7584032	1.85
5339.163528026225	1850	34.526928702622214	0.0	728962	2423.0754895162936	0.9673971	1.85
5341.777328920462	1850	35.913127808385134	0.0	938587	2613.8008942370802	0.8487113	1.85
5345.051004233024	1850	36.63945249582299	0.0	908665	3273.675312562145	0.9660578	1.85
5347.980653856092	1850	37.70980287275526	0.0	930577	2929.6496230677267	0.94740444	1.85
5351.351919608128	1850	38.338537120719046	0.0	858450	3371.265752036215	1.0033588	1.85
5356.443923126547	1850	37.24653360230025	0.0	1025005	5092.003518418799	0.9722209	1.85
5363.7067933561375	1850	33.983663372709906	0.0	886255	7262.870229590341	0.97378194	1.85
5392.346444555831	1850	9.344012173016502	0.0	973972	28639.651199693402	0.76990455	1.85
5399.493479901081	300	6.196976827766279	0.0	167025	7147.035345250222	0.16644764	-1.25
5406.122664137282	300	4.0	0.43220740843526345	160064	6629.184236201542	0.46821252	-1.5584918562716328
5411.593766240405	300	4.0	1.4711021031221525	137507	5471.102103122153	0.23457257	-6.025739043425256
5416.358839594619	300	4.0	0.7650733542148882	118421	4765.073354214888	0.073523745	-2.9898154231240195

