14635.048772046388	750	4.0	1.6132241480558394	450283	1613.2241480558394	0.95182586	-6.186863836640109
14636.610223848624	750	6.438548197762211	0.0	398865	1561.4518022377888	0.7066068	0.75
14638.307671349827	750	8.741100696558858	0.0	350812	1697.4475012033529	0.85002506	0.75
14639.97986178798	750	11.068910258404797	0.0	382355	1672.1904381540605	0.6484134	0.75
14641.891255106279	750	13.15751694010805	0.0	411561	1911.3933182967492	1.0338936	0.75
14644.174850399764	1200	14.873921646621536	0.0	520315	2283.5952934865118	0.9173487	0.75
14646.583119584959	1200	16.465652461426295	0.0	561791	2408.2691851952395	0.5106735	1.2
14648.828314647659	1200	18.22045739872643	0.0	709534	2245.1950626998646	0.4256805	1.2
14650.573099577354	1200	20.47567246903233	0.0	584846	1744.7849296941038	0.8258117	1.2
14652.301510109197	1200	22.74726193718973	0.0	560821	1728.4105318425984	0.8575174	1.2
14654.35649728027	1200	24.692274766117382	0.0	607410	2054.9871710723496	0.88577724	1.2
14657.030008777314	1200	26.018763269072682	0.0	594078	2673.5114970446975	0.79497933	1.2
14659.786913249334	1200	27.261858797053225	0.0	624282	2756.9044720194584	0.6107848	1.2
14662.95572619959	1200	28.09304584679741	0.0	687371	3168.8129502558136	0.5440807	1.2
14665.637893760582	1200	29.410878285804976	0.0	526950	2682.1675609924305	0.84162635	1.2
14670.617355210394	1200	28.43141683599381	0.0	587876	4979.461449811165	0.54823166	1.2
14674.966468985484	1200	28.08230306090488	0.0	617242	4349.113775088931	0.35020712	1.2
14679.96106596796	1200	27.08770607842828	0.0	581493	4994.596982476601	0.36761075	1.2
14685.971536787009	1200	25.077235259379822	0.0	639204	6010.470819048456	0.1974161	1.2
14690.261409771123	1200	24.787362275265437	0.0	586839	4289.872984114386	0.23923126	1.2
14693.690954549333	1200	25.35781749705623	0.0	601738	3429.5447782092037	0.22773688	1.2
14696.889609100703	1200	26.159162945685285	0.0	616206	3198.6545513709466	0.3514451	1.2
14700.100228214094	1200	26.948543832293765	0.0	656471	3210.6191133915213	0.3926944	1.2
14703.44742379085	1200	27.60134825553625	0.0	536667	3347.195576757518	0.6484431	1.2
14712.573753902114	1200	22.475018144274667	0.0	587236	9126.33011126158	0.6016557	1.2
14717.095414658557	1200	21.953357387830785	0.0	590335	4521.660756443885	0.32293186	1.2
14722.136639664595	1200	20.912132381792038	0.0	696376	5041.225006038746	0.26823574	1.2
14724.596097762838	1200	22.45267428355064	0.0	487160	2459.4580982414	0.42183995	1.2
14726.696100593632	1200	24.352671452755903	0.0	622896	2100.002830794734	0.59987867	1.2
14728.724665784803	1200	26.32410626158656	0.0	641447	2028.565191169344	0.8071644	1.2
14731.962591954587	1850	27.08618009180153	0.0	873429	3237.9261697850293	1.0230724	1.2000000000000002
14734.987850073443	1850	28.060921972945103	0.0	954453	3025.258118856427	0.40592104	1.85
14737.263802462097	1850	29.78496958429172	0.0	885062	2275.952388653383	0.47198147	1.85
14739.782165174338	1850	31.266606872051373	0.0	1035329	2518.362712240347	0.7547648	1.85
14742.961646465952	1850	32.08712558043677	0.0	1026056	3179.481291614602	0.79900616	1.85
14746.20492577344	1850	32.843846272947665	0.0	943942	3243.279307489103	0.97546357	1.85
14749.29541514529	1850	33.75335690109628	0.0	728962	3090.489371851388	1.0785642	1.85
14754.452919953554	1850	32.59585209283457	0.0	938587	5157.504808261715	0.9087973	1.85
14761.418265441234	1850	29.63050660515216	0.0	908665	6965.345487682406	0.84623003	1.85
14766.666910729891	1850	28.38186131649617	0.0	930577	5248.645288655991	0.7556348	1.85
14770.71091497466	1850	28.33785707172785	0.0	858450	4044.0042447683213	0.7864638	1.85
14775.041551924302	1850	28.00722012208689	0.0	1025005	4330.636949640959	0.6444919	1.85
14779.071234682679	1850	27.977537363709367	0.0	886255	4029.6827583775234	0.63958186	1.85
14783.140757628606	1850	27.908014417784592	0.0	973972	4069.522945924772	0.4504519	1.85
14787.135194458195	1850	27.913577588194734	0.0	958994	3994.4368295898603	0.56738096	1.85
14790.957173479335	1850	28.091598567054167	0.0	982064	3821.979021140568	0.4608872	1.85
14794.20132511482	1850	28.84744693157024	0.0	830730	3244.1516354839255	0.79142314	1.85
14797.204151077018	1850	29.844620969373373	0.0	846370	3002.8259621968677	0.57012504	1.85

