11361.840330513392	750	4.0	1.9680897620528024	450283	1968.0897620528024	0.43726924	-7.71278597682705
11364.059104128659	750	5.781226384733127	0.0	398865	2218.7736152668726	0.52621245	0.75
11365.734563379954	750	8.105767133436677	0.0	350812	1675.4592512964498	0.46196863	0.75
11367.170182093188	750	10.670148420202866	0.0	382355	1435.6187132338102	0.5486501	0.75
11368.628390253025	750	13.21194026036772	0.0	411561	1458.2081598351454	1.0210212	0.75
11370.458092987197	1200	15.382237526195969	0.0	520315	1829.702734171753	1.077434	0.75
11372.259465752642	1200	17.580864760749233	0.0	561791	1801.3727654467361	0.7619272	1.2
11374.720510500978	1200	19.119820012413985	0.0	709534	2461.0447483352473	0.6288076	1.2
11379.966908120963	1200	17.8734223924283	0.0	584846	5246.397619985683	0.80734974	1.2
11387.572229702015	1200	14.268100811378027	0.0	560821	7605.321581050273	0.38272884	1.2
11391.094176825216	1200	14.746153688175912	0.0	607410	3521.947123202113	0.57475066	1.2
11393.511179279027	1200	16.329151234364343	0.0	594078	2417.002453811571	0.3534317	1.2
11396.111805309272	1200	17.728525204119567	0.0	624282	2600.626030244775	0.40354666	1.2
11398.61064846553	1200	19.22968204785951	0.0	687371	2498.8431562600595	0.37591997	1.2
11400.578679714075	1200	21.261650799314776	0.0	526950	1968.031248544732	0.71094155	1.2
11402.78232208671	1200	23.05800842668046	0.0	587876	2203.642372634316	0.63583934	1.2
11405.314922664924	1200	24.52540784846772	0.0	617242	2532.600578212738	0.6118428	1.2
11408.197282659912	1200	25.643047853478595	0.0	581493	2882.359994989124	0.81766266	1.2
11413.203827178806	1200	24.63650333458589	0.0	639204	5006.544518892704	0.5307239	1.2
11417.038049154784	1200	24.80228135860714	0.0	586839	3834.2219759787513	0.50820965	1.2
11420.56574997653	1200	25.27458053686204	0.0	601738	3527.7008217451007	0.46105653	1.2
11424.180443733821	1200	25.659886779569486	0.0	616206	3614.693757292552	0.37345243	1.2
11427.610667121722	1200	26.22966339166941	0.0	656471	3430.2233879000787	0.351427	1.2
11429.915867362426	1200	27.924463150964296	0.0	536667	2305.2002407051104	0.5567546	1.2
11432.507108053966	1200	29.333222459425098	0.0	587236	2591.2406915391985	0.8567319	1.2
11436.207587816954	1200	29.63274269643619	0.0	590335	3700.479762988909	0.77771896	1.2
11439.166337289415	1200	30.67399322397376	0.0	696376	2958.749472462426	0.52667135	1.2
11442.715398017477	1200	31.124932495912255	0.0	487160	3549.060728061507	1.0429145	1.2
11445.959766224167	1200	31.8805642892237	0.0	622896	3244.3682066885553	0.52760786	1.2
11449.02144588278	1200	32.818884630611606	0.0	641447	3061.6796586120927	0.70937634	1.2
11451.896659710883	1200	33.94367080250842	0.0	570392	2875.2138281031844	0.9918568	1.2
11454.238279682257	1200	35.60205083113481	0.0	620283	2341.619971373608	0.9238411	1.2
11459.319070982232	1850	34.52125953115847	0.0	885062	5080.7912999763375	1.0806665	1.2000000000000002
11467.477972409346	1850	30.362358104045697	0.0	1035329	8158.901427112779	0.5590681	1.85
11472.881846836508	1850	28.958483676882715	0.0	1026056	5403.874427162979	0.46988937	1.85
11477.984546273568	1850	27.855784239820604	0.0	943942	5102.699437062111	0.4943667	1.85
11483.26145343361	1850	26.578877079779232	0.0	728962	5276.907160041372	0.62299323	1.85
11487.462332354127	1850	26.377998159262766	0.0	938587	4200.878920516465	0.4083922	1.85
11491.404832980681	1850	26.43549753270748	0.0	908665	3942.500626555286	0.5002303	1.85
11496.605735169147	1850	25.234595344243033	0.0	930577	5200.902188464448	0.39447808	1.85
11501.173331876165	1850	24.666998637223394	0.0	858450	4567.596707019638	0.27568996	1.85
11505.745508469077	1850	24.09482204431197	0.0	1025005	4572.176592911424	0.39336085	1.85
11508.869480028727	1850	24.970850484663337	0.0	886255	3123.9715596486344	0.5445135	1.85
11513.951919204022	1850	23.888411309366994	0.0	973972	5082.439175296343	0.44737652	1.85
11518.276893594693	1850	23.563436918695793	0.0	958994	4324.974390671202	0.550459	1.85
11522.201813006306	1850	23.638517507083424	0.0	982064	3924.919411612369	0.54491144	1.85
11525.84618540545	1850	23.994145107940465	0.0	830730	3644.372399142959	0.90438104	1.85
11529.835978727353	1850	24.004351786037102	0.0	846370	3989.793321903361	0.53686273	1.85

