15119.637489838515	750	4.0	1.1482833162359447	450283	1148.2833162359448	0.6753659	-4.187618259814562
15120.66894487681	750	6.968544961703175	0.0	398865	1031.455038296825	1.0026847	0.75
15122.321578097124	1200	9.31591174138965	0.0	571051	1652.6332203135266	1.2905742	0.75
15125.35480645028	1200	10.28268338823444	0.0	617681	3033.2283531552084	0.870729	1.2
15128.878622999218	1200	10.758866839294253	0.0	652874	3523.8165489401867	0.6194202	1.2
15130.74785590059	1200	12.889633937922412	0.0	520315	1869.2329013718406	0.50729483	1.2
15132.957140162078	1200	14.680349676435819	0.0	561791	2209.2842614865936	0.69100547	1.2
15137.235262296836	1200	14.402227541680231	0.0	709534	4278.1221347555875	0.49252215	1.2
15139.291783866927	1200	16.345705971588412	0.0	584846	2056.52157009182	0.5463391	1.2
15141.061785712196	1200	18.575704126320538	0.0	560821	1770.0018452678723	0.590454	1.2
15142.510365340544	1200	21.127124497972897	0.0	607410	1448.579628347642	0.7184447	1.2
15144.807717153135	1850	22.82977268538074	0.0	917428	2297.3518125921573	0.9429677	1.2000000000000002
15147.440876507711	1850	24.19661333080635	0.0	946851	2633.1593545743876	0.5800425	1.85
15152.939941272534	1850	22.697548565982768	0.0	1036454	5499.0647648235845	0.5838554	1.85
15160.21464344329	1850	19.422846395227243	0.0	821631	7274.702170755523	0.48637354	1.85
15169.82234599377	1850	13.815143844747768	0.0	923170	9607.702550479475	0.35492513	1.85
15174.159768155492	1850	13.477721683024308	0.0	966699	4337.422161723461	0.91507477	1.85
15177.028281754321	1850	14.6092080841968	0.0	885714	2868.513598827509	0.6504238	1.85
15180.200236328183	1850	15.437253510334259	0.0	987708	3171.9545738625416	0.4570463	1.85
15183.187955921496	1850	16.449533917021565	0.0	923755	2987.7195933126923	0.3297717	1.85
15186.349579044272	1850	17.28791079424533	0.0	891604	3161.6231227762355	0.2717341	1.85
15189.3892459779	1850	18.248243860617006	0.0	955231	3039.666933628323	0.31452256	1.85
15192.025560514978	1850	19.61192932353795	0.0	968026	2636.314537079054	0.40542856	1.85
15195.295409003284	1850	20.342080835231894	0.0	874175	3269.84848830606	0.47493488	1.85
15198.67743765859	1850	20.96005217992377	0.0	897976	3382.0286553081214	0.4016459	1.85
15201.987863392338	1850	21.64962644617639	0.0	905935	3310.425733747379	0.584348	1.85
15205.034808520484	1850	22.60268131803054	0.0	1076599	3046.945128145855	0.45365793	1.85
15206.80843552459	1850	24.829054313925297	0.0	758197	1773.6270041052426	0.8012385	1.85
15208.97229382742	1850	26.665196011095468	0.0	972798	2163.8583028298303	0.77957004	1.85
15211.56458003925	1850	28.07290979926548	0.0	975811	2592.2862118299868	0.9455545	1.85
15214.130954414353	1850	29.506535424162198	0.0	873429	2566.3743751032866	0.9369434	1.85
15216.591369953172	1850	31.046119885341888	0.0	954453	2460.4155388203103	0.96239156	1.85
15219.257209481904	1850	32.380280356609084	0.0	885062	2665.8395287328	0.9723525	1.85
15222.223762206453	1850	33.413727632059775	0.0	1035329	2966.552724549318	0.9258285	1.85
15224.9785166528	1850	34.658973185713585	0.0	1026056	2754.7544463461904	1.0163476	1.85
15227.303703160751	1850	36.33378667776207	0.0	943942	2325.1865079515137	1.1124247	1.85
15231.7424343244	4300	35.89505551411333	0.0	1919781	4438.731163648741	1.0265884	1.8499999999999996
15237.438611249121	4300	34.198878589393225	0.0	2147467	5696.176924720107	0.10803139	4.3
15242.597787611705	4300	33.03970222681023	0.0	2133870	5159.176362582991	0.09468812	4.3
15249.447759096587	4300	30.189730741927587	0.0	2146120	6849.971484882645	0.097706884	4.3
15257.039045864223	4300	26.598443974292056	0.0	2108491	7591.286767635531	0.13953066	4.3
15266.353422967892	4300	21.284066870622706	0.0	2184571	9314.37710366935	0.23832703	4.3
15272.755241276285	4300	18.882248562229364	0.0	2121928	6401.818308393341	0.50127476	4.3
15279.277712554234	4300	16.359777284278252	0.0	2219102	6522.471277951114	0.6303777	4.3
15287.182429030277	4300	12.455060808237107	0.0	2124950	7904.716476041143	0.6856783	4.3
15292.59092679691	2850	11.046563041603612	0.0	1483527	5408.497766633494	1.0263225	1.4000000000000001
15296.47576384545	2850	11.161725993061747	0.0	1231456	3884.837048541866	0.56799287	2.85
15299.737341609622	2850	11.900148228891698	0.0	1364537	3261.5777641700497	0.5055872	2.85

