7722.588039806953	750	4.0	3.445995646227827	450283	3445.9956462278274	0.71359897	-14.067781278779655
7725.157537968807	750	5.430501838145294	0.0	398865	2569.4981618547067	0.7172347	0.75
7728.084205627247	750	6.503834179706132	0.0	350812	2926.6676584391616	0.3764585	0.75
7736.928683962917	750	4.0	2.3406441559638598	382355	8844.478335669992	0.41808036	-9.314769870644596
7741.12129049708	300	4.0	0.19260653416249535	163442	4192.606534162495	0.6034842	-0.9782080968987299
7744.439889874783	300	4.681400622296262	0.0	126289	3318.599377703739	0.22641088	0.3
7747.251314281319	300	5.869976215761307	0.0	153295	2811.424406534955	0.08948402	0.3
7750.526808457632	300	6.594482039447847	0.0	173849	3275.4941763134607	0.06001064	0.3
7753.624082307219	300	7.497208189860179	0.0	150710	3097.273849587668	0.073243976	0.3
7756.1785316629	300	8.942758834179495	0.0	139105	2554.4493556806838	0.052422628	0.3
7758.429283389371	300	10.692007107707632	0.0	141840	2250.7517264718617	0.06565256	0.3
7761.761964537543	300	11.359325959537559	0.0	156148	3332.6811481700734	0.05291186	0.3
7764.252557585391	300	12.868732911689959	0.0	160746	2490.5930478476002	0.07164993	0.3
7767.784477986084	300	13.33681251099639	0.0	179801	3531.9204006935693	0.08199537	0.3
7771.460439660252	300	13.660850836828192	0.0	140051	3675.9616741681966	0.13394661	0.3
7773.627299165155	300	15.493991331925058	0.0	138313	2166.859504903135	0.08022902	0.3
7775.204370039867	300	17.91692045721287	0.0	143509	1577.0708747121826	0.1091458	0.3
7776.871731998675	300	20.249558498404976	0.0	150616	1667.3619588078986	0.27100453	0.3
7779.67986878663	300	21.4414217104504	0.0	165384	2808.136787954577	0.3400774	0.3
7781.527282015591	300	23.59400848148974	0.0	140881	1847.4132289606578	0.33480513	0.3
7784.010641119541	300	25.110649377539975	0.0	157671	2483.3591039497655	0.48007685	0.3
7786.5464483540045	300	26.574842143076175	0.0	157812	2535.8072344638013	0.46298084	0.3
7788.681079917064	300	28.440210580016682	0.0	163927	2134.6315630594895	0.49465954	0.3
7790.26629817573	300	30.854992321349577	0.0	137654	1585.2182586671026	0.7598888	0.3
7791.823416563032	300	33.297873934048255	0.0	146754	1557.118387301325	0.96260154	0.3
7793.476682380336	300	35.6446081167447	0.0	153938	1653.2658173035609	1.0658306	0.3
7795.110232404757	300	38.01105809232263	0.0	181901	1633.5500244220698	1.1003939	0.3
7797.698340413139	750	39.42295008394077	0.0	277716	2588.10800838186	1.4011844	0.3
7802.059239482519	750	39.062051014561206	0.0	400396	4360.899069379561	0.9017789	0.75
7807.092946137496	750	38.02834435958407	0.0	400508	5033.7066549771425	0.6600792	0.75
7811.350224277595	750	37.77106621948565	0.0	358218	4257.278140098414	0.61003447	0.75
7814.854146232059	750	38.26714426502114	0.0	400322	3503.9219544645057	0.7383297	0.75
7818.532812616284	750	38.58847788079646	0.0	369834	3678.6663842246808	0.8534778	0.75
7822.447327736976	750	38.67396276010419	0.0	412837	3914.5151206922746	0.6665425	0.75
7826.3779379512425	750	38.74335254583794	0.0	401088	3930.61021426624	0.71355325	0.75
7830.233554297366	750	38.88773619971412	0.0	365161	3855.6163461238243	0.8291449	0.75
7833.656290168	750	39.46500032908036	0.0	321064	3422.735870633759	0.91887105	0.75
7837.292322054307	750	39.828968442774155	0.0	361565	3636.0318863062034	0.90747553	0.75
7841.253634832835	750	39.86765566424607	0.0	378327	3961.3127785280844	0.90720224	0.75
7847.899498388091	750	37.22179210898985	0.0	390680	6645.863555256219	0.8751314	0.75
7853.825986992599	750	35.29530350448289	0.0	345516	5926.48860450697	0.59093446	0.75
7860.5188567063215	750	32.60243379076031	0.0	384505	6692.86971372258	0.6024854	0.75
7864.522758831879	750	32.59853166520282	0.0	372093	4003.902125557489	0.5345577	0.75
7868.066346275154	750	33.0549442219284	0.0	438281	3543.5874432744185	0.79162556	0.75
7871.47000682393	750	33.65128367315182	0.0	398987	3403.660548776579	1.0719844	0.75
7875.024487408785	750	34.096803088296554	0.0	393804	3554.4805848552696	1.0898081	0.75
7878.102336845434	750	35.01895365164784	0.0	331053	3077.849436648715	1.3331213	0.75
7882.2473944344665	750	34.873896062615415	0.0	314107	4145.057589032422	1.3543007	0.75

