4349.698577082862	750	4.0	3.998697299309292	450283	3998.697299309292	0.67259276	-16.444398387029956
4351.08055567595	300	6.61802140691262	0.0	155580	1381.9785930873804	0.71843076	-0.15000000000000002
4352.519900375894	300	9.178676706968677	0.0	139857	1439.3446999439418	0.41077018	0.3
4353.8096308119775	300	11.888946270885826	0.0	155432	1289.730436082851	0.27963313	0.3
4355.045047112051	300	14.65352997081187	0.0	163442	1235.416300073955	0.80418265	0.3
4356.037634578155	300	17.66094250470829	0.0	126289	992.5874661035782	1.0172144	0.3
4357.89476749188	300	19.80380959098419	0.0	153295	1857.1329137241003	1.0168169	0.3
4362.362184626567	300	19.336392456296576	0.0	173849	4467.417134687614	0.6559618	0.3
4366.133348513881	300	19.565228568982885	0.0	150710	3771.1638873136912	0.68260765	0.3
4369.244754547256	300	20.45382253560794	0.0	139105	3111.406033374943	0.5866959	0.3
4371.82130700342	300	21.877270079444056	0.0	141840	2576.5524561638845	0.4325477	0.3
4373.995652506084	300	23.702924576779598	0.0	156148	2174.34550266446	0.27518064	0.3
4376.159642259732	300	25.538934823132234	0.0	160746	2163.9897536473645	0.30558726	0.3
4378.757365594088	300	26.94121148877566	0.0	179801	2597.7233343565717	0.28681082	0.3
4380.714841719439	300	28.983735363424408	0.0	140051	1957.4761253512545	0.38895115	0.3
4382.350033604201	300	31.348543478662627	0.0	138313	1635.1918847617796	0.32222882	0.3
4384.041315568674	300	33.65726151419023	0.0	143509	1691.2819644723907	0.5703312	0.3
4386.0890922483795	300	35.60948483448437	0.0	150616	2047.776679705863	0.7785935	0.3
4388.2439211883175	300	37.454655894546136	0.0	165384	2154.8289399382365	0.7293762	0.3
4389.750244177668	300	39.94833290519583	0.0	140881	1506.3229893503087	0.9576394	0.3
4391.100182602146	300	42.598394480717566	0.0	157671	1349.9384244782602	1.1926003	0.3
4395.37032712435	750	42.32824995851295	0.0	399894	4270.144522204615	1.357584	0.3
4398.547568330636	750	43.15100875222699	0.0	401853	3177.241206285956	0.59880036	0.75
4402.129770430579	750	43.568806652284344	0.0	343800	3582.2020999426422	0.94182456	0.75
4406.050355124347	750	43.64822195851653	0.0	359903	3920.5846937678175	0.8271205	0.75
4410.09008307323	750	43.60849400963409	0.0	379700	4039.7279488824333	0.7387525	0.75
4414.343334269643	750	43.3552428132212	0.0	425781	4253.251196412894	0.6483364	0.75
4417.670716032077	750	44.02786105078721	0.0	277716	3327.381762433991	0.72793823	0.75
4423.351963193668	750	42.34661388919605	0.0	400396	5681.247161591154	0.83011115	0.75
4431.151576273545	750	38.547000809318796	0.0	400508	7799.613079877259	0.511337	0.75
4436.3495469083155	750	37.349030174549185	0.0	358218	5197.970634769615	0.3875295	0.75
4440.946830121571	750	36.751746961292895	0.0	400322	4597.283213256279	0.5443491	0.75
4447.234235750072	750	34.4643413327922	0.0	369834	6287.405628500695	0.59707654	0.75
4451.851713579743	750	33.84686350312114	0.0	412837	4617.477829671053	0.35189313	0.75
4456.168960885079	750	33.52961619778491	0.0	401088	4317.247305336236	0.49502176	0.75
4459.473189196264	750	34.22538788660133	0.0	365161	3304.22831118358	0.7038404	0.75
4462.392143286994	750	35.30643379587102	0.0	321064	2918.954090730314	0.9995253	0.75
4466.085382391406	750	35.61319469145853	0.0	361565	3693.2391044124915	1.0834733	0.75
4471.715492253757	750	33.98308482910851	0.0	378327	5630.109862350017	0.856995	0.75
4476.133909159452	750	33.56466792341329	0.0	390680	4418.416905695222	0.5854333	0.75
4478.753647422634	750	34.94492966023149	0.0	345516	2619.738263181808	0.71527743	0.75
4481.605199943687	750	36.09337713917822	0.0	384505	2851.5525210532687	1.1311173	0.75
4484.00641969458	750	37.692157388286134	0.0	372093	2401.2197508920904	1.2037047	0.75
4486.812654784355	750	38.88592229850985	0.0	438281	2806.2350897762885	1.3447014	0.75
4490.293729495407	750	39.40484758745829	0.0	398987	3481.074711051552	1.4585446	0.75
4493.316772848654	750	40.38180423421055	0.0	393804	3023.0433532477505	1.2984164	0.75
4499.7956094083875	1850	37.90296767447718	0.0	830730	6478.8365597333695	1.5404454	0.75
4507.059891035244	1850	34.638686047621086	0.0	846370	7264.281626856096	0.6926394	1.85

