10637.270183938099	750	4.0	1.7041197936685797	450283	1704.1197936685796	0.034599334	-6.577715112774892
10639.110691981847	750	6.159491956252071	0.0	398865	1840.5080437479282	0.6520564	0.75
10640.666514722448	750	8.60366921565108	0.0	350812	1555.8227406009928	0.6610106	0.75
10642.590452777928	750	10.67973116017162	0.0	382355	1923.938055479459	0.64636165	0.75
10644.670587232398	750	12.599596705701524	0.0	411561	2080.134454470097	0.9058477	0.75
10646.849311086069	1200	14.420872852030149	0.0	520315	2178.723853671376	0.90620685	0.75
10649.084073369257	1200	16.18611056884303	0.0	561791	2234.762283187118	0.52357596	1.2
10651.996247432044	1200	17.27393650605661	0.0	709534	2912.174062786418	0.4164066	1.2
10654.588555127504	1200	18.681628810596585	0.0	584846	2592.3076954600238	0.6493508	1.2
10657.296619108736	1200	19.973564829363546	0.0	560821	2708.0639812330414	0.5066942	1.2
10659.5116530521	1200	21.758530885999566	0.0	607410	2215.0339433639806	0.4275355	1.2
10662.349967349772	1200	22.920216588328927	0.0	594078	2838.3142976706367	0.60273665	1.2
10666.410981011464	1200	22.859202926636257	0.0	624282	4061.01366169267	0.46143734	1.2
10669.131325279253	1200	24.138858658847784	0.0	687371	2720.3442677884727	0.26653498	1.2
10671.13899663459	1200	26.131187303509726	0.0	526950	2007.6713553380587	0.7644176	1.2
10673.863596162715	1200	27.40658777538515	0.0	587876	2724.599528124575	0.7145988	1.2
10675.233125254264	1200	30.037058683836218	0.0	617242	1369.529091548936	0.6721107	1.2
10677.837789550611	1850	31.432394387488415	0.0	885714	2604.664296347804	1.1686125	1.2000000000000002
10681.045760762423	1850	32.22442317567734	0.0	987708	3207.9712118110724	0.6513488	1.85
10684.24856400174	1850	33.02161993635903	0.0	923755	3202.8032393183175	0.6167271	1.85
10688.77473318272	1850	32.49545075538158	0.0	891604	4526.169180977442	0.7517622	1.85
10692.365173578404	1850	32.90501035969655	0.0	955231	3590.440395685035	0.74366087	1.85
10695.763897368364	1850	33.50628656973645	0.0	968026	3398.7237899600946	0.62773347	1.85
10698.87401789367	1850	34.39616604443097	0.0	874175	3110.1205253054904	0.74448025	1.85
10702.48131549389	1850	34.78886844421271	0.0	897976	3607.2976002182504	0.67591894	1.85
10706.510431409039	1850	34.75975252906253	0.0	905935	4029.115915150177	0.619149	1.85
10710.290250133943	1850	34.97993380415814	0.0	1076599	3779.818724904395	0.5393918	1.85
10712.54823263571	1850	36.721951302391	0.0	758197	2257.98250176714	0.65880084	1.85
10715.630044447942	1850	37.6401394901602	0.0	972798	3081.81181223079	0.64555657	1.85
10719.901517717342	1850	37.368666220759756	0.0	975811	4271.4732694004515	0.71386796	1.85
10723.772544828216	1850	37.4976391098862	0.0	873429	3871.027110873552	0.7273698	1.85
10729.702709120575	1850	35.56747481752587	0.0	954453	5930.164292360327	0.73788077	1.85
10736.20073141703	1850	33.06945252107072	0.0	885062	6498.0222964551485	0.5369069	1.85
10745.473103565733	1850	27.797080372366217	0.0	1035329	9272.372148704504	0.44617805	1.85
10752.78916729899	1850	24.481016639110038	0.0	1026056	7316.063733256177	0.49510434	1.85
10758.08666460575	1850	23.183519332350457	0.0	943942	5297.497306759581	0.6162747	1.85
10761.586135796497	1850	23.68404814160279	0.0	728962	3499.471190747667	0.5703609	1.85
10772.83159412619	1850	16.438589811911072	0.0	938587	11245.458329691717	0.45531717	1.85
10779.589305320564	1850	13.680878617537465	0.0	908665	6757.711194373607	1.0008156	1.85
10785.429402672353	1850	11.840781265748793	0.0	930577	5840.0973517886705	0.9385272	1.85
10788.317092144565	1850	12.953091793534634	0.0	858450	2887.68947221416	0.9309119	1.85
10791.891554787975	1850	13.378629150125981	0.0	1025005	3574.4626434086535	0.45380583	1.85
10794.912130878396	1850	14.358053059705115	0.0	886255	3020.5760904208646	0.42739794	1.85
10797.568304719185	1850	15.701879218915206	0.0	973972	2656.173840789908	0.432707	1.85
10799.777393241255	1850	17.49279069684534	0.0	958994	2209.088522069869	0.84947723	1.85
10802.492188107466	1850	18.77799583063295	0.0	982064	2714.794866212388	1.0282233	1.85
10809.610581645133	4300	15.659602292965657	0.0	1961140	7118.393537667293	1.1005785	1.8499999999999996
10821.496353375323	4300	7.773830562775332	0.0	2155012	11885.771730190325	0.32591963	4.3

