23197.074507085632	750	4.0	1.464606764188326	450283	1464.606764188326	0.4653712	-5.547809086009802
23198.30949328116	750	6.765013804474078	0.0	398865	1234.9861955259219	0.7880599	0.75
23199.498597123576	750	9.575909962056157	0.0	350812	1189.1038424179214	1.0992959	0.75
23200.955441369857	750	12.119065715778481	0.0	382355	1456.8442462776757	1.0953598	0.75
23203.01912913048	1200	14.055377955155468	0.0	652874	2063.687760623014	1.1841093	0.75
23204.74824111913	1200	16.32626596650281	0.0	520315	1729.111988652658	0.8781853	1.2
23206.558429720953	1200	18.516077364680402	0.0	561791	1810.188601822411	0.84486085	1.2
23208.729160449304	1200	20.345346636331115	0.0	709534	2170.730728349283	0.788722	1.2
23211.616168891545	1850	21.458338194090654	0.0	852833	2887.0084422404625	0.95011353	1.2000000000000002
23215.448410847646	1850	21.626096237989263	0.0	913888	3832.2419561013917	0.53123206	1.85
23218.3459100545	1850	22.72859703113274	0.0	939819	2897.4992068565234	0.42397615	1.85
23221.342951429597	1850	23.731555656034274	0.0	917428	2997.0413750984644	0.532743	1.85
23224.587363781204	1850	24.487143304431413	0.0	946851	3244.412351602859	0.5071181	1.85
23230.927591736094	1850	22.14691534954132	0.0	1036454	6340.227954890094	0.43625844	1.85
23235.609547550754	1850	21.464959534882713	0.0	821631	4681.955814658605	0.36062658	1.85
23239.39246366704	1850	21.68204341859349	0.0	923170	3782.9161162892246	0.3848061	1.85
23243.36699002576	1850	21.707517059877368	0.0	966699	3974.52635871612	0.35819998	1.85
23247.65700987176	1850	21.4174972138783	0.0	885714	4290.01984599907	0.36139196	1.85
23251.777432030867	1850	21.297075054769653	0.0	987708	4120.422159108646	0.3668195	1.85
23255.713135028313	1850	21.361372057322136	0.0	923755	3935.7029974475154	0.3135481	1.85
23259.60363640241	1850	21.470870683228153	0.0	891604	3890.501374093985	0.33504498	1.85
23263.41865317592	1850	21.655853909716573	0.0	955231	3815.01677351158	0.3124365	1.85
23267.288791236326	1850	21.785715849309533	0.0	968026	3870.1380604070405	0.29430056	1.85
23270.408647501336	1850	22.665859584301842	0.0	874175	3119.8562650076938	0.3423576	1.85
23273.889000963678	1850	23.185506121958202	0.0	897976	3480.353462343639	0.2934571	1.85
23277.428391530128	1850	23.646115555508274	0.0	905935	3539.3905664499293	0.33353215	1.85
23281.429049048278	1850	23.645458037356452	0.0	1076599	4000.6575181518215	0.3371107	1.85
23284.166234321347	1850	24.908272764285975	0.0	758197	2737.185273070477	0.5492392	1.85
23287.97607863623	1850	25.098428449402462	0.0	972798	3809.844314883515	0.43395174	1.85
23294.49778663256	1850	22.576720453076152	0.0	975811	6521.70799632631	0.4473546	1.85
23299.45139033099	1850	21.62311675464853	0.0	873429	4953.6036984276225	0.410352	1.85
23304.4191540257	1850	20.65535305993874	0.0	954453	4967.763694709788	0.40549472	1.85
23312.182857637228	1850	16.89164944841186	0.0	885062	7763.7036115268775	0.36009312	1.85
23321.58013221093	1850	11.494374874708623	0.0	1035329	9397.27457370324	0.66895247	1.85
23325.942323759817	1200	11.132183325822593	0.0	690253	4362.191548886031	1.1750988	0.5499999999999999
23329.545316249143	1200	11.529190836496388	0.0	598727	3602.992489326203	0.5819964	1.2
23332.28768058262	1200	12.786826503018572	0.0	487812	2742.3643334778167	0.68299526	1.2
23335.419088943243	1200	13.655418142397286	0.0	575591	3131.408360621286	0.672176	1.2
23339.498378563065	1200	13.576128522576356	0.0	605884	4079.2896198209287	0.78593564	1.2
23343.231476095756	1200	13.84303098988819	0.0	587506	3733.097532688167	0.7477235	1.2
23346.977241221557	1200	14.097265864083022	0.0	566904	3745.765125805168	0.80019695	1.2
23350.82798166716	1200	14.246525418481658	0.0	641452	3850.740445601363	0.5973018	1.2
23358.04617854298	1200	11.028328542663953	0.0	599477	7218.196875817707	0.80575323	1.2
23369.02706424342	1200	4.047442842225812	0.0	634861	10980.88570043814	0.79082006	1.2
23374.35276503788	300	4.0	1.2782579522356428	167025	5325.700794461454	0.8448897	-6.096509194613264
23377.88217636684	300	4.470588671040362	0.0	160064	3529.411328959638	0.37381363	0.3
23380.980929152887	300	5.3718358849912295	0.0	137507	3098.752786049133	0.2879709	0.3
23384.004669666818	300	6.348095371058615	0.0	118421	3023.7405139326147	0.25177854	0.3

