10985.069026927122	750	4.0	6.6911010369313795	450283	6691.10103693138	1.17858	-28.021734458804932
10986.908089447426	300	6.160937479695716	0.0	155580	1839.0625203042848	0.30952683	-0.15000000000000002
10988.277110968766	300	8.791915958355675	0.0	139857	1369.0215213400395	0.13367575	0.3
10989.523870298757	300	11.545156628364916	0.0	155432	1246.7593299907599	0.19216247	0.3
10990.69979263968	300	14.369234287440888	0.0	163442	1175.9223409240274	0.61224073	0.3
10991.68066729355	300	17.38835963357115	0.0	126289	980.8746538697418	1.0105928	0.3
10993.335148559052	300	19.73387836806929	0.0	153295	1654.4812655018584	1.0577264	0.3
10995.53638404214	300	21.53264288498172	0.0	173849	2201.2354830875693	0.6225792	0.3
10996.936473549738	300	24.132553377382756	0.0	150710	1400.0895075989633	0.7869759	0.3
10998.9333432083	300	26.135683718821276	0.0	139105	1996.8696585614773	0.9142478	0.3
11001.533758668977	300	27.53526825814596	0.0	141840	2600.415460675318	0.8397652	0.3
11005.590013347573	300	27.479013579547996	0.0	156148	4056.254678597964	0.74506605	0.3
11009.9299019234	300	27.139125003719585	0.0	160746	4339.888575828408	0.5891916	0.3
11014.474184492316	300	26.59484243480418	0.0	179801	4544.28256891541	0.39925838	0.3
11019.291070240886	300	25.777956686233637	0.0	140051	4816.88574857054	0.36163723	0.3
11024.129619323076	300	24.93940760404564	0.0	138313	4838.549082187995	0.15213278	0.3
11027.977616138012	300	25.091410789107	0.0	143509	3847.996814938639	0.1020961	0.3
11032.217925018076	300	24.851101909044743	0.0	150616	4240.308880062256	0.06308042	0.3
11036.145778360702	300	24.923248566417758	0.0	165384	3927.8533426269873	0.04601178	0.3
11038.82951986506	300	26.239507062059204	0.0	140881	2683.741504358554	0.06683819	0.3
11041.461139839741	300	27.607887087378696	0.0	157671	2631.619974680511	0.07069067	0.3
11044.202263644875	300	28.866763282245085	0.0	157812	2741.1238051336104	0.12312221	0.3
11047.580036796879	300	29.488990130239458	0.0	163927	3377.7731520056263	0.16277389	0.3
11051.2798982314	300	29.789128695718187	0.0	137654	3699.861434521269	0.2197859	0.3
11053.843249635822	300	31.22577729129688	0.0	146754	2563.351404421308	0.19363128	0.3
11055.056660212897	300	34.01236671422112	0.0	153938	1213.4105770757567	0.26795337	0.3
11056.279943873153	300	36.789083053965214	0.0	181901	1223.2836602559048	1.2095063	0.3
11061.066280847941	1850	36.00274607917645	0.0	758197	4786.336974788767	1.3491855	0.30000000000000004
11067.341421267247	1850	33.7276056598701	0.0	972798	6275.140419306343	0.8416475	1.85
11073.758280251868	1850	31.310746675249057	0.0	975811	6416.858984621043	0.6465336	1.85
11078.716938865287	1850	30.352088061830436	0.0	873429	4958.658613418623	0.55510616	1.85
11084.09960137579	1850	28.969425551326974	0.0	954453	5382.662510503462	0.53826106	1.85
11088.54069640262	1850	28.528330524497083	0.0	885062	4441.09502682989	0.55334604	1.85
11094.476095927692	1850	26.592930999425832	0.0	1035329	5935.39952507125	0.52864665	1.85
11102.041908367517	1850	23.027118559600908	0.0	1026056	7565.812439824924	0.41489628	1.85
11108.957364996972	1850	20.111661930146497	0.0	943942	6915.456629454412	0.50467354	1.85
11113.079766175357	1850	19.989260751760085	0.0	728962	4122.40117838641	0.4846103	1.85
11118.83310219028	1850	18.235924736837216	0.0	938587	5753.336014922869	0.5184269	1.85
11125.079349347847	1850	15.9896775792714	0.0	908665	6246.2471575658155	0.5249402	1.85
11130.01861323769	1850	15.050413689428673	0.0	930577	4939.263889842727	0.60553044	1.85
11135.832553455153	1850	13.236473471965889	0.0	858450	5813.940217462784	0.4356465	1.85
11141.866144661073	1850	11.202882266047004	0.0	1025005	6033.591205918886	0.7480672	1.85
11147.436586339438	1850	9.63244058768121	0.0	886255	5570.441678365795	0.6803631	1.85
11155.786041570867	1850	5.282985356253017	0.0	973972	8349.455231428192	0.91445726	1.85
11159.90015735434	1200	5.168869572779142	0.0	630203	4114.115783473875	1.2737877	0.5499999999999999
11164.176020905468	1200	4.893006021650079	0.0	638661	4275.863551129063	0.88546705	1.2
11168.213103301408	1200	4.855923625711833	0.0	538612	4037.082395938245	0.90769964	1.2
11173.15427303508	1200	4.0	0.08524610795919853	550906	4941.169733671032	1.0421005	0.8334417357754462

