19110.1288265999	750	4.0	1.8471370276969283	450283	1847.1370276969283	0.5247815	-7.192689219096792
19112.06803699004	750	6.060789609862291	0.0	398865	1939.2103901377081	0.5756916	0.75
19113.806682812454	750	8.322143787449836	0.0	350812	1738.6458224124558	0.592879	0.75
19115.46655657849	750	10.662270021413521	0.0	382355	1659.8737660363154	0.5458133	0.75
19117.27922744514	750	12.849599154763846	0.0	411561	1812.670866649674	0.95245814	0.75
19119.644761725922	1200	14.48406487397874	0.0	520315	2365.5342807851057	0.96002907	0.75
19122.22569165947	1200	15.903134940429446	0.0	561791	2580.9299335492947	0.494594	1.2
19124.63105218463	1200	17.497774415270055	0.0	709534	2405.3605251593913	0.3413314	1.2
19127.149389552233	1200	18.979437047668064	0.0	584846	2518.3373676019924	0.7385571	1.2
19129.311300218556	1200	20.81752638134274	0.0	560821	2161.9106663253233	0.55074793	1.2
19131.904876246725	1200	22.22395035317637	0.0	607410	2593.5760281663697	0.66733336	1.2
19134.75258945935	1200	23.376237140550362	0.0	594078	2847.713212626009	0.5365101	1.2
19138.051101712143	1200	24.07772488775949	0.0	624282	3298.5122527908734	0.43523765	1.2
19140.902619106022	1200	25.22620749388173	0.0	687371	2851.5173938777575	0.36574194	1.2
19143.069375075836	1200	27.059451524067285	0.0	526950	2166.755969814448	0.77713966	1.2
19145.44165277253	1200	28.687173827371545	0.0	587876	2372.277696695739	0.65638214	1.2
19148.010572959338	1200	30.118253640565115	0.0	617242	2568.9201868064315	0.8014457	1.2
19150.080061847788	1200	32.0487647521156	0.0	581493	2069.4888884495113	0.8087858	1.2
19152.17228097597	1200	33.95654562393215	0.0	639204	2092.2191281834557	0.9170103	1.2
19155.95825662172	1850	34.170569978179806	0.0	923755	3785.9756457523426	1.0871704	1.2000000000000002
19159.174118545972	1850	34.95470805392995	0.0	891604	3215.8619242498557	0.69667196	1.85
19162.731877723912	1850	35.39694887598871	0.0	955231	3557.759177941238	0.68884057	1.85
19166.241133689393	1850	35.887692910509664	0.0	968026	3509.255965479042	0.7232898	1.85
19170.118389247717	1850	36.01043735218544	0.0	874175	3877.255558324224	0.740913	1.85
19173.92799350806	1850	36.200833091842405	0.0	897976	3809.6042603430387	0.65501213	1.85
19178.605413425306	1850	35.52341317459291	0.0	905935	4677.419917249491	0.6911407	1.85
19183.514890732426	1850	34.61393586747394	0.0	1076599	4909.477307118972	0.5720569	1.85
19186.94677663079	1850	35.182049969110174	0.0	758197	3431.885898363771	0.58574575	1.85
19191.345964877957	1850	34.782861721944585	0.0	972798	4399.1882471655845	0.50974	1.85
19195.429666010827	1850	34.699160589072825	0.0	975811	4083.701132871768	0.52002597	1.85
19199.578995474174	1850	34.54983112572662	0.0	873429	4149.329463346205	0.50147724	1.85
19203.861471427786	1850	34.267355172113845	0.0	954453	4282.475953612776	0.4843336	1.85
19208.87482485131	1850	33.254001748588905	0.0	885062	5013.35342352494	0.39436376	1.85
19217.457008071604	1850	28.671818528295663	0.0	1035329	8582.18322029324	0.43969187	1.85
19232.740168035594	1850	17.38865856430646	0.0	1026056	15283.159963989203	0.44186386	1.85
19237.422875804717	1200	16.70595079518262	0.0	598727	4682.70776912384	1.1609039	0.5499999999999999
19243.3165802166	1200	14.812246383299025	0.0	487812	5893.704411883595	0.68567276	1.2
19249.041529509046	1200	13.087297090856167	0.0	575591	5724.949292442858	0.819268	1.2
19253.413122621376	1200	12.715703978526202	0.0	605884	4371.593112329966	0.81691	1.2
19258.039486299804	1200	12.089340300097726	0.0	587506	4626.363678428476	0.95842165	1.2
19261.88343141781	1200	12.24539518209499	0.0	566904	3843.9451180027368	0.85319304	1.2
19266.059851260634	1200	12.068975339271153	0.0	641452	4176.419842823837	0.714637	1.2
19271.39465341711	1200	10.734173182796683	0.0	599477	5334.8021564744695	0.6719551	1.2
19277.363581346406	1200	8.765245253496676	0.0	634861	5968.927929300008	0.67106736	1.2
19285.589474972538	1200	4.539351627364067	0.0	630203	8225.893626132609	0.8627528	1.2
19289.421419830775	750	4.707406769130554	0.0	393804	3831.9448582335135	1.0722294	0.3
19292.5171923326	750	5.611634267300522	0.0	331053	3095.772501830031	0.7463443	0.75
19296.370221462206	750	5.7586051376972875	0.0	314107	3853.0291296032347	0.46860343	0.75

