11533.502517975354	750	4.0	3.666539248000215	450283	3666.5392480002147	0.41769993	-15.016118766400924
11536.276909944125	750	5.225608031230129	0.0	398865	2774.391968769871	0.7322358	0.75
11539.394950450489	750	6.107567524864779	0.0	350812	3118.04050636535	0.38729396	0.75
11542.220219890916	750	7.282298084438054	0.0	382355	2825.269440426725	0.47339073	0.75
11544.738981028291	750	8.763536947064017	0.0	411561	2518.7611373740374	0.33791947	0.75
11547.184174922893	750	10.318343052461634	0.0	318564	2445.193894602382	0.3593138	0.75
11549.529338410886	750	11.973179564468472	0.0	352642	2345.163487993162	0.32452217	0.75
11551.869081831292	750	13.633436144062323	0.0	437162	2339.7434204061487	0.32117864	0.75
11554.521014295204	750	14.98150368015031	0.0	374758	2651.9324639120127	0.53968537	0.75
11556.597084354476	750	16.905433620876217	0.0	362795	2076.0700592740905	0.39853606	0.75
11558.176380301655	750	19.32613767369961	0.0	353220	1579.2959471766078	0.5274086	0.75
11560.552657220727	750	20.949860754627842	0.0	405134	2376.2769190717677	0.81101483	0.75
11564.498917190744	750	21.00360078461088	0.0	386351	3946.2599700169644	0.7268217	0.75
11569.741504632571	750	19.761013342781958	0.0	434409	5242.587441828925	0.6757121	0.75
11572.956855281496	750	20.54566269385763	0.0	337059	3215.350648924325	0.78314453	0.75
11576.18204722369	750	21.3204707516629	0.0	366214	3225.1919421947314	0.55255216	0.75
11578.22526211381	750	23.277255861543658	0.0	360831	2043.2148901192397	0.32293284	0.75
11580.530554046622	750	24.971963928732276	0.0	372963	2305.291932811383	0.7192041	0.75
11583.560917489769	750	25.94160048558399	0.0	405596	3030.363443148286	0.6519271	0.75
11586.267959080134	750	27.23455889521906	0.0	350713	2707.0415903649287	0.527789	0.75
11589.110712710277	750	28.391805265075806	0.0	386472	2842.7536301432515	0.7294046	0.75
11592.724828606488	750	28.77768936886298	0.0	399894	3614.11589621283	0.6850866	0.75
11602.153391659736	750	23.349126315614328	0.0	401853	9428.56305324865	0.577744	0.75
11610.53056790042	750	18.971950074931893	0.0	343800	8377.176240682435	0.76674205	0.75
11614.42716245788	750	19.07535551747172	0.0	359903	3896.5945574601724	0.7280822	0.75
11618.035304575807	750	19.46721339954299	0.0	379700	3608.14211792873	0.5099526	0.75
11621.576441183235	750	19.92607679211645	0.0	425781	3541.1366074265397	0.30450162	0.75
11623.767592352726	750	21.734925622626847	0.0	277716	2191.151169489605	0.35948774	0.75
11626.78537926112	750	22.71713871423168	0.0	400396	3017.786908395165	0.6636041	0.75
11629.473200908165	750	24.029317067187097	0.0	400508	2687.8216470445836	0.7215023	0.75
11631.609400557245	750	25.893117418107952	0.0	358218	2136.199649079147	0.9170151	0.75
11633.50201469701	750	28.00050327834172	0.0	400322	1892.61413976623	1.050328	0.75
11635.400546457497	750	30.101971517853507	0.0	369834	1898.5317604882155	1.1930817	0.75
11637.41306060422	750	32.08945737113054	0.0	412837	2012.5141467229626	1.1439626	0.75
11639.455681110676	750	34.04683686467486	0.0	401088	2042.6205064556932	1.2872472	0.75
11641.515176178107	750	35.98734179724378	0.0	365161	2059.495067431073	1.3656715	0.75
11646.757128324905	1850	34.74538965044592	0.0	728962	5241.952146797862	1.3756877	0.75
11653.610941235585	1850	31.891576739766396	0.0	938587	6853.812910679524	0.6861321	1.85
11660.026739282712	1850	29.47577869263856	0.0	908665	6415.798047127834	0.62185544	1.85
11673.666005710387	1850	19.836512264963247	0.0	930577	13639.266427675311	0.6519917	1.85
11691.881189090058	1850	5.621328885293399	0.0	858450	18215.18337966985	1.0009375	1.85
11694.340214731734	300	7.162303243617314	0.0	161857	2459.0256416760844	0.44553384	-1.25
11697.482016925387	300	8.020501049964151	0.0	145210	3141.802193653162	0.44033667	0.3
11701.93845795203	300	7.564060023321743	0.0	172312	4456.441026642409	0.09800375	0.3
11705.960775073378	300	7.541742901974701	0.0	167025	4022.317121347042	0.16202879	0.3
11709.260895469843	300	8.24162250550876	0.0	160064	3300.120396465941	0.19598535	0.3
11711.862780563843	300	9.63973741150812	0.0	137507	2601.88509400064	0.3397981	0.3
11713.916752448642	300	11.585765526707686	0.0	118421	2053.9718848004345	0.64079446	0.3

