22102.961850842054	750	4.0	2.572266498290951	450283	2572.266498290951	0.6501817	-10.310745942651089
22105.105969821125	750	5.855881020930088	0.0	398865	2144.1189790699123	0.5256457	0.75
22111.87975889562	750	4.0	0.9179080535625963	350812	6773.789074492684	0.4753572	-3.197004630319164
22114.46863229712	300	5.4111265984976855	0.0	155432	2588.873401502315	0.6582186	-0.15000000000000002
22117.39089646084	300	6.488862434777878	0.0	163442	2922.2641637198076	0.28161117	0.3
22119.59190177451	300	8.287857121107965	0.0	126289	2201.0053136699134	0.27583897	0.3
22122.64628197594	300	9.233476919680362	0.0	153295	3054.380201427604	0.28545812	0.3
22126.463663173094	300	9.41609572252596	0.0	173849	3817.3811971544023	0.16315235	0.3
22129.152815102618	300	10.726943793001197	0.0	150710	2689.151929524762	0.12563224	0.3
22131.9406287761	300	11.939130119519348	0.0	139105	2787.81367348185	0.1502859	0.3
22135.302442789547	300	12.577316106070727	0.0	141840	3361.8140134486216	0.057583347	0.3
22138.344867685308	300	13.53489121031171	0.0	156148	3042.4248957590175	0.05760741	0.3
22140.730806289543	300	15.148952606077124	0.0	160746	2385.938604234586	0.07288348	0.3
22143.0015693485	300	16.878189547119348	0.0	179801	2270.7630589577734	0.08901715	0.3
22144.835476522137	300	19.04428237348231	0.0	140051	1833.90717363704	0.21467191	0.3
22146.628705982326	300	21.25105291329274	0.0	138313	1793.2294601895715	0.20101349	0.3
22148.377972164555	300	23.501786731063987	0.0	143509	1749.266182228753	0.30551925	0.3
22150.010231681685	300	25.869527213934756	0.0	150616	1632.259517129233	0.47902924	0.3
22151.651696409765	300	28.228062485855897	0.0	165384	1641.4647280788547	0.62321895	0.3
22152.768123378668	300	31.11163551695244	0.0	140881	1116.4269689034584	0.9259294	0.3
22154.97946630694	750	32.900292588679704	0.0	386472	2211.342928272742	1.2372146	0.3
22157.27766315918	750	34.60209573643934	0.0	399894	2298.19685224036	0.8978901	0.75
22159.019878920826	750	36.859879974792904	0.0	401853	1742.2157616464401	0.96659446	0.75
22160.519493471715	750	39.36026542390501	0.0	343800	1499.6145508878901	1.3275436	0.75
22172.59708298001	1850	31.282675915610177	0.0	897976	12077.589508294832	1.3029485	0.75
22188.315100103977	1850	19.564658791641822	0.0	905935	15718.017123968353	0.5556519	1.85
22197.75248940162	1200	14.127269494001661	0.0	696376	9437.38929764016	1.0243487	0.5499999999999999
22200.9933096826	750	14.886449213019958	0.0	277716	3240.8202809817026	0.8837234	0.3
22204.282356149575	750	15.597402746043157	0.0	400396	3289.046466976801	0.5313957	0.75
22207.869132628006	750	16.01062626761536	0.0	400508	3586.776478427796	0.41071567	0.75
22213.75837095088	750	14.121387944738025	0.0	358218	5889.238322877334	0.5998297	0.75
22217.54885059449	750	14.330908301133356	0.0	400322	3790.4796436046704	0.34005287	0.75
22221.370582762436	750	14.509176133184477	0.0	369834	3821.7321679488773	0.5005923	0.75
22225.970761778277	750	13.908997117342137	0.0	412837	4600.179015842341	0.5441897	0.75
22228.92343381228	750	14.956325083339108	0.0	401088	2952.6720340030283	0.32129726	0.75
22231.249338795576	750	16.630420100042226	0.0	365161	2325.9049832968835	0.48299333	0.75
22233.687193209444	750	18.192565686174238	0.0	321064	2437.8544138679845	0.84757	0.75
22236.16966849127	750	19.710090404348506	0.0	361565	2482.475281825734	0.68580544	0.75
22238.68465198105	750	21.19510691456926	0.0	378327	2514.9834897792466	0.92123824	0.75
22241.68173226303	750	22.19802663258748	0.0	390680	2997.0802819817786	0.99278283	0.75
22243.696001690518	750	24.183757205098143	0.0	345516	2014.2694274893352	1.0388925	0.75
22245.90928874325	750	25.970470152366122	0.0	384505	2213.287052732021	1.1867175	0.75
22248.239482409423	750	27.64027648619494	0.0	372093	2330.193666171181	1.2929691	0.75
22250.676612774743	750	29.203146120871825	0.0	438281	2437.1303653231153	1.2324952	0.75
22253.85527276953	750	30.024486126083996	0.0	398987	3178.659994787827	1.4251952	0.75
22257.55996840401	750	30.319790491607822	0.0	393804	3704.6956344761757	1.2623273	0.75
22268.15460660011	1200	23.725152295508938	0.0	538612	10594.638196098882	1.3791227	0.75
22277.405266520665	1200	18.474492374954455	0.0	550906	9250.659920554483	0.821595	1.2

