18607.580748716955	750	4.0	3.995068697861578	450283	3995.068697861578	0.6205611	-16.428795400804784
18609.073020804288	300	6.507727912669612	0.0	155580	1492.2720873303876	0.71877724	-0.15000000000000002
18610.34511685835	300	9.235631858607427	0.0	139857	1272.0960540621852	0.3454315	0.3
18611.759899809887	300	11.820848907070088	0.0	155432	1414.7829515373378	0.34255517	0.3
18613.305321220178	300	14.27542749677892	0.0	163442	1545.4214102911674	0.6972832	0.3
18614.3522742794	300	17.228474437554695	0.0	126289	1046.9530592242274	0.8770545	0.3
18615.599476041574	300	19.98127267538223	0.0	153295	1247.201762172467	0.95579636	0.3
18617.074855227078	300	22.505893489876183	0.0	173849	1475.379185506045	0.7779602	0.3
18620.168030249428	750	23.412718467527522	0.0	374758	3093.1750223486592	0.9310063	0.3
18623.89835703583	750	23.68239168112925	0.0	362795	3730.3267863982715	0.34506378	0.75
18629.40947884343	750	22.171269873525592	0.0	353220	5511.12180760366	0.34940153	0.75
18636.69431790885	750	18.886430808109434	0.0	405134	7284.839065416156	0.3793608	0.75
18641.879264540927	750	17.7014841760344	0.0	386351	5184.946632075038	0.43063802	0.75
18647.037442429235	750	16.54330628772505	0.0	434409	5158.17788830935	0.3660936	0.75
18650.751718129843	750	16.82903058711648	0.0	337059	3714.2757006085653	0.39361966	0.75
18654.318669455948	750	17.26207926101229	0.0	366214	3566.9513261041925	0.4576807	0.75
18657.804708275053	750	17.77604044190711	0.0	360831	3486.0388191051784	0.42544624	0.75
18662.00479075644	750	17.575957960519393	0.0	372963	4200.082481387715	0.4024268	0.75
18667.415872468606	750	16.16487624835389	0.0	405596	5411.081712165502	0.39800936	0.75
18674.80900753466	750	12.771741182297948	0.0	350713	7393.135066055944	0.5045543	0.75
18677.433583437516	300	14.14716527943921	0.0	157671	2624.575902858738	0.73194414	-0.15000000000000002
18679.6530304635	300	15.927718253455597	0.0	157812	2219.447025983614	0.24685375	0.3
18682.109520080565	300	17.471228636391505	0.0	163927	2456.4896170640923	0.24454306	0.3
18683.959686830432	300	19.621061886525407	0.0	137654	1850.1667498660997	0.3518226	0.3
18686.449917928163	300	21.130830788793123	0.0	146754	2490.231097732284	0.4286407	0.3
18690.67245618225	300	20.90829253470822	0.0	153938	4222.538254084904	0.28369647	0.3
18696.34478896302	300	19.23595975393813	0.0	181901	5672.33278077009	0.24610141	0.3
18699.272600661505	300	20.30814805545171	0.0	111155	2927.8116984864155	0.26479247	0.3
18703.216091925944	300	20.364656791013	0.0	153605	3943.491264438712	0.14274886	0.3
18707.193116015434	300	20.3876327015233	0.0	149029	3977.024089489699	0.13485366	0.3
18710.512782457667	300	21.067966259290813	0.0	157421	3319.666442232487	0.16219641	0.3
18713.44800861878	300	22.1327400981805	0.0	157488	2935.2261611103177	0.120629005	0.3
18717.17608039348	300	22.404668323477452	0.0	143881	3728.071774703043	0.20462337	0.3
18720.772143096052	300	22.80860562090765	0.0	163444	3596.062702569807	0.119732454	0.3
18725.580433542502	300	22.000315174458567	0.0	179328	4808.290446449082	0.16741255	0.3
18729.564437283287	300	22.01631143367384	0.0	159914	3984.0037407847253	0.18952745	0.3
18732.12971577878	300	23.451032938175803	0.0	131610	2565.2784954980366	0.2857491	0.3
18734.468364167067	300	25.112384549889963	0.0	124011	2338.6483882858365	0.2233957	0.3
18737.23461514767	300	26.34613356929021	0.0	144254	2766.2509805997556	0.30836865	0.3
18739.593134365616	300	27.987614351345375	0.0	149991	2358.5192179448354	0.42697498	0.3
18741.70833194454	300	29.872416772418088	0.0	147968	2115.197578927289	0.8644857	0.3
18744.58192101623	300	30.998827700725826	0.0	161857	2873.589071692262	1.058165	0.3
18747.926212800136	300	31.65453591682484	0.0	145210	3344.2917839009874	1.1378957	0.3
18752.815079384818	300	30.765669332138323	0.0	172312	4888.866584686514	0.78426737	0.3
18755.59215280136	300	31.988595915596424	0.0	167025	2777.0734165419035	0.75481325	0.3
18757.913426610867	300	33.66732210609075	0.0	160064	2321.273809505672	1.1878248	0.3
18759.794852591098	300	35.78589612586258	0.0	137507	1881.4259802281695	1.4964187	0.3
18767.813939488868	1850	31.76680922809029	0.0	846370	8019.0868977722885	1.3908466	0.30000000000000004

