6075.309790103005	750	4.0	3.5949223786930258	450283	3594.9223786930256	1.0370886	-14.70816622838001
6078.609396692738	750	4.700393410267405	0.0	398865	3299.6065897325957	0.7296063	0.75
6081.97935699256	750	5.330433110446052	0.0	350812	3369.960299821353	0.46168858	0.75
6085.3072698048	750	6.002520298205901	0.0	382355	3327.9128122401503	0.5568033	0.75
6088.844100459666	750	6.4656896433394255	0.0	411561	3536.830654866476	0.36875144	0.75
6091.528110848225	750	7.781679254781118	0.0	318564	2684.010388558307	0.32690763	0.75
6094.116019740352	750	9.193770362653122	0.0	352642	2587.9088921279968	0.3100797	0.75
6097.505712217839	750	9.804077885166647	0.0	437162	3389.692477486474	0.3199088	0.75
6100.6239841596325	750	10.685805943372626	0.0	374758	3118.2719417940216	0.40502235	0.75
6103.58137603533	750	11.72841406767563	0.0	362795	2957.391875696999	0.3036452	0.75
6106.679769402654	750	12.630020700351531	0.0	353220	3098.393367324098	0.31023386	0.75
6109.827359209665	750	13.482430893340185	0.0	405134	3147.5898070113467	0.39376622	0.75
6112.991251278268	750	14.318538824737725	0.0	386351	3163.89206860246	0.33471808	0.75
6116.595812300679	750	14.713977802325259	0.0	434409	3604.561022412467	0.3515803	0.75
6119.403719246757	750	15.906070856248181	0.0	337059	2807.906946077077	0.48157793	0.75
6122.953037114368	750	16.356752988637012	0.0	366214	3549.317867611167	0.35020542	0.75
6126.496362660084	750	16.81342744292083	0.0	360831	3543.325545716183	0.2902287	0.75
6129.79116525653	750	17.518624846475003	0.0	372963	3294.8025964458284	0.46896923	0.75
6134.220523694628	750	17.08926640837667	0.0	405596	4429.358438098333	0.35031143	0.75
6138.2614198851725	750	17.048370217831923	0.0	350713	4040.8961905447463	0.4191295	0.75
6142.216607709525	750	17.093182393479264	0.0	386472	3955.187824352659	0.48802072	0.75
6145.696048289774	750	17.613741813230895	0.0	399894	3479.440580248367	0.3785008	0.75
6149.291118011707	750	18.018672091297812	0.0	401853	3595.0697219330846	0.34364408	0.75
6152.57342744228	750	18.736362660724982	0.0	343800	3282.3094305728314	0.38485488	0.75
6156.266437587009	750	19.043352515996666	0.0	359903	3693.010144728316	0.29177177	0.75
6159.884362921787	750	19.42542718121798	0.0	379700	3617.925334778689	0.39767793	0.75
6163.767349841931	750	19.54244026107483	0.0	425781	3882.9869201431497	0.29069725	0.75
6166.815750966718	750	20.494039136287146	0.0	277716	3048.401124787684	0.43399346	0.75
6172.675861904027	750	18.633928198977628	0.0	400396	5860.110937309516	0.4038064	0.75
6177.092012385497	750	18.217777717508945	0.0	400508	4416.150481468683	0.6445488	0.75
6180.37847555539	750	18.931314547615315	0.0	358218	3286.463169893629	0.43124345	0.75
6184.26988927452	750	19.039900828485283	0.0	400322	3891.413719130033	0.44450882	0.75
6187.948570868958	750	19.361219234047233	0.0	369834	3678.6815944380483	0.33780435	0.75
6192.553118121781	750	18.756671981223825	0.0	412837	4604.547252823405	0.3487816	0.75
6195.575458749796	750	19.73433135320927	0.0	401088	3022.340628014552	0.39545548	0.75
6198.538626617948	750	20.771163485058334	0.0	365161	2963.167868150938	0.59675	0.75
6201.749425366983	750	21.560364736022887	0.0	321064	3210.798749035451	0.7065329	0.75
6205.505601425377	750	21.80418867762854	0.0	361565	3756.1760583943437	0.48997125	0.75
6209.980203686741	750	21.32958641626392	0.0	378327	4474.602261364623	0.61059505	0.75
6216.812091073813	750	18.497699029191764	0.0	390680	6831.887387072154	0.62865293	0.75
6221.853975178529	750	17.455814924475057	0.0	345516	5041.884104716707	0.7286044	0.75
6229.053394666532	750	14.256395436472701	0.0	384505	7199.419488002355	0.5375654	0.75
6235.571062374847	750	11.73872772815736	0.0	372093	6517.667708315344	0.7255761	0.75
6240.218259446906	750	11.091530656098046	0.0	438281	4647.197072059313	0.7678895	0.75
6243.960077846123	750	11.349712256880814	0.0	398987	3741.818399217233	0.5440657	0.75
6247.836226552391	750	11.473563550612194	0.0	393804	3876.14870626862	0.4172413	0.75
6250.995997381782	750	12.313792721221189	0.0	331053	3159.7708293910055	0.6011971	0.75
6254.378888098063	750	12.93090200493995	0.0	314107	3382.8907162812393	0.5264406	0.75

