13933.67020571241	750	4.0	1.7227784527213061	450283	1722.7784527213062	0.5627872	-6.657947346701616
13935.466428566753	750	6.20377714565615	0.0	398865	1796.22285434385	0.6411113	0.75
13937.213629252456	750	8.456576459953192	0.0	350812	1747.2006857029573	0.6865504	0.75
13938.667040311158	750	11.003165401252037	0.0	382355	1453.4110587011546	0.5629653	0.75
13940.150230335874	750	13.519975376535525	0.0	411561	1483.1900247165124	1.0606134	0.75
13941.952960086011	1200	15.717245626398187	0.0	520315	1802.7297501373378	1.0207415	0.75
13944.464373736422	1200	17.205831975987532	0.0	561791	2511.413650410653	0.7666056	1.2
13947.7844448701	1200	17.885760842310482	0.0	709534	3320.07113367705	0.43371314	1.2
13951.95749524038	1200	17.712710472029954	0.0	584846	4173.050370280531	0.58458036	1.2
13954.817090300048	1200	18.8531154123613	0.0	560821	2859.5950596686507	0.3500428	1.2
13958.099584671649	1200	19.570621040760628	0.0	607410	3282.494371600675	0.3952555	1.2
13960.995345369724	1200	20.674860342686532	0.0	594078	2895.760698074094	0.3193838	1.2
13964.812027173015	1200	20.858178539395475	0.0	624282	3816.6818032910596	0.3533484	1.2
13969.202327511248	1200	20.467878201163096	0.0	687371	4390.300338232379	0.21446323	1.2
13972.276853135992	1200	21.39335257641881	0.0	526950	3074.5256247442903	0.3260394	1.2
13976.730445509857	1200	20.939760202553643	0.0	587876	4453.592373865165	0.26337466	1.2
13980.738630190075	1200	20.931575522336548	0.0	617242	4008.1846802170967	0.26889297	1.2
13985.176119900598	1200	20.494085811813136	0.0	581493	4437.489710523414	0.24703549	1.2
13990.115170805582	1200	19.55503490682734	0.0	639204	4939.050904985792	0.20595369	1.2
13995.160035659432	1200	18.510170052977532	0.0	586839	5044.864853849811	0.22891575	1.2
14000.123070230577	1200	17.54713548183238	0.0	601738	4963.03457114515	0.26520342	1.2
14006.529282200783	1200	15.140923511626749	0.0	616206	6406.211970205634	0.27868265	1.2
14019.072440964012	1200	6.597764748398922	0.0	656471	12543.158763227826	0.521057	1.2
14021.772846592145	300	7.897359120264493	0.0	137654	2700.4056281344297	0.504137	-0.6000000000000001
14024.68955550132	300	8.980650211089591	0.0	146754	2916.7089091749026	0.19821973	0.3
14027.517539156273	300	10.152666556135648	0.0	153938	2827.9836549539427	0.0803749	0.3
14030.016494730937	300	11.653710981472448	0.0	181901	2498.955574663199	0.14961271	0.3
14030.869123143299	300	14.801082569111157	0.0	111155	852.6284123612907	0.4106914	0.3
14032.126578891312	300	17.543626821098286	0.0	153605	1257.4557480128713	0.86837476	0.3
14033.134030623354	300	20.536175089054964	0.0	149029	1007.4517320433237	1.0873488	0.3
14035.173635984334	750	22.49656972807337	0.0	358218	2039.6053609815906	1.4265852	0.3
14037.956346253175	750	23.71385945923373	0.0	400322	2782.710268839642	1.0504575	0.75
14040.432508538102	750	25.237697174305406	0.0	369834	2476.1622849283276	0.82805234	0.75
14042.958767667193	750	26.711438045214518	0.0	412837	2526.259129090891	0.93633944	0.75
14045.173632176644	750	28.496573535764362	0.0	401088	2214.8645094501553	1.033291	0.75
14047.475185751517	750	30.195019960890466	0.0	365161	2301.5535748738944	1.2508581	0.75
14050.65662657698	750	31.0135791354257	0.0	321064	3181.4408254647633	1.3001852	0.75
14052.763024162825	750	32.90718154958183	0.0	361565	2106.3975858438725	1.0418286	0.75
14055.54209966082	750	34.128106051585654	0.0	378327	2779.0754979961816	1.3051789	0.75
14058.792060241245	750	34.87814547116224	0.0	390680	3249.9605804234097	1.1860404	0.75
14060.692619350912	750	36.977586361495305	0.0	345516	1900.5591096669355	1.1259277	0.75
14062.51641629694	750	39.15378941546722	0.0	384505	1823.7969460280806	1.404664	0.75
14066.274133060131	1850	39.39607265227674	0.0	886255	3757.716763190478	1.4869168	0.75
14070.568504425359	1850	39.10170128704975	0.0	973972	4294.371365226995	0.84378976	1.85
14074.291234675438	1850	39.37897103696838	0.0	958994	3722.7302500813707	0.9491543	1.85
14078.916979698308	1850	38.75322601410021	0.0	982064	4625.745022868176	0.94792527	1.85
14085.323135403454	1850	36.347070308953946	0.0	830730	6406.155705146255	1.0230495	1.85
14090.2672964201	1850	35.402909292309495	0.0	846370	4944.161016644452	0.75580525	1.85

