4877.398398017491	750	4.0	4.010168074006698	450283	4010.168074006698	0.31889257	-16.4937227182288
4878.572316110138	300	6.8260819073535774	0.0	155580	1173.9180926464226	0.71731186	-0.15000000000000002
4879.577330290742	300	9.821067726748996	0.0	139857	1005.0141806045834	0.6038817	0.3
4880.705549179275	300	12.692848838215301	0.0	155432	1128.218888533694	0.64526206	0.3
4881.845882952248	300	15.552515065242709	0.0	163442	1140.3337729725922	1.0589797	0.3
4883.553653204674	750	17.844744812815424	0.0	318564	1707.7702524272838	1.1408467	0.3
4885.474359539569	750	19.9240384779207	0.0	352642	1920.7063348947245	0.75919425	0.75
4887.667758443043	750	21.730639574447547	0.0	437162	2193.3989034731517	0.531473	0.75
4889.647111448764	750	23.75128656872585	0.0	374758	1979.3530057216979	0.7299246	0.75
4891.573821335266	750	25.82457668222337	0.0	362795	1926.7098865024789	0.7895214	0.75
4893.44748835423	750	27.95090966326059	0.0	353220	1873.6670189627791	0.8351058	0.75
4895.553532692104	750	29.844865325384962	0.0	405134	2106.0443378756286	0.9105679	0.75
4897.046693829301	750	32.35170418818909	0.0	386351	1493.1611371958732	0.89328	0.75
4898.821679490881	750	34.576718526608424	0.0	434409	1774.9856615806625	1.1107249	0.75
4900.292199242551	750	37.10619877493895	0.0	337059	1470.5197516694764	1.2408195	0.75
4902.774406654256	750	38.62399136323363	0.0	366214	2482.2074117053266	1.1946888	0.75
4905.090084108341	750	40.308313909148765	0.0	360831	2315.677454084856	0.9883793	0.75
4907.272294193929	750	42.12610382356102	0.0	372963	2182.21008558775	1.1541224	0.75
4909.445799053795	750	43.9525989636954	0.0	405596	2173.504859865613	1.1179407	0.75
4911.219625626223	750	46.17877239126654	0.0	350713	1773.8265724288685	1.106256	0.75
4913.07193630038	750	48.32646171710991	0.0	386472	1852.310674156631	1.260988	0.75
4914.991063340031	750	50.40733467745831	0.0	399894	1919.127039651595	1.3136376	0.75
4916.6563895852105	750	52.74200843227923	0.0	401853	1665.3262451790872	1.3348515	0.75
4920.793130165312	1850	52.6052678521787	0.0	874175	4136.740580100526	1.3642325	0.75
4924.81925397128	1850	52.57914404621048	0.0	897976	4026.1238059682228	0.9262418	1.85
4932.146669232097	2850	49.25172878539241	0.0	1480464	7327.415260818072	0.92490906	1.85
4940.872260408021	2850	44.52613760946839	0.0	1547572	8725.591175924015	0.32669204	2.85
4947.573015400131	2850	41.82538261735902	0.0	1141971	6700.754992109378	0.31112224	2.85
4956.6297221722325	2850	36.76867584525784	0.0	1498470	9056.70677210118	0.3286423	2.85
4966.22459054892	2850	31.173807468570992	0.0	1561263	9594.868376686845	0.4912227	2.85
4977.5323600224765	2850	23.866037995013865	0.0	1341201	11307.769473557122	0.67846096	2.85
4991.24994516459	1850	14.148452852900876	0.0	954453	13717.58514211299	1.0989668	0.8500000000000001
4995.308924911039	750	14.089473106452363	0.0	369834	4058.9797464485127	1.1807703	-0.3500000000000001
4999.024482296152	750	14.373915721338957	0.0	412837	3715.5573851134072	0.48593697	0.75
5002.926417428552	750	14.471980588939259	0.0	401088	3901.935132399697	0.502091	0.75
5007.241055450958	750	14.157342566533615	0.0	365161	4314.638022405644	0.3472014	0.75
5009.831372740732	750	15.567025276759228	0.0	321064	2590.3172897743857	0.40882432	0.75
5013.172567864857	750	16.225830152634547	0.0	361565	3341.1951241246816	0.7902386	0.75
5017.0741956483325	750	16.32420236915963	0.0	378327	3901.627783474917	0.73491555	0.75
5020.974407411131	750	16.423990606360267	0.0	390680	3900.2117627993607	0.5134152	0.75
5024.6656986672415	750	16.73269935024962	0.0	345516	3691.291256110645	0.5900234	0.75
5029.800904651287	750	15.597493366204134	0.0	384505	5135.20598404549	0.5802028	0.75
5033.008551061521	750	16.389846955969585	0.0	372093	3207.646410234548	0.67632	0.75
5036.502673740928	750	16.895724276562774	0.0	438281	3494.122679406809	0.525682	0.75
5040.994024588684	750	16.404373428806824	0.0	398987	4491.350847755952	0.84172684	0.75
5045.497096029802	750	15.901301987688413	0.0	393804	4503.07144111841	0.66977566	0.75
5048.349791478055	750	17.048606539436207	0.0	331053	2852.6954482522033	0.84306353	0.75
5052.078287360495	750	17.320110656996235	0.0	314107	3728.495882439974	0.7294742	0.75

