2788.2046949744754	750	4.0	3.7572090788844412	450283	3757.209078884441	0.9687589	-15.405999039203095
2791.1984211653526	750	5.006273809122852	0.0	398865	2993.7261908771484	0.7325323	0.75
2795.110870236687	750	5.0938247377886565	0.0	350812	3912.449071334195	0.41356695	0.75
2800.9665432177994	750	4.0	0.7618482433239969	382355	5855.672981112653	0.62810904	-2.525947446293187
2804.2030559987306	750	4.763487219069324	0.0	411561	3236.5127809306764	0.7071904	0.75
2806.8959079954034	750	6.070635222396313	0.0	318564	2692.851996673011	0.29988673	0.75
2811.5372166125644	750	5.42932660523525	0.0	352642	4641.308617161063	0.40875092	0.75
2813.821954943797	300	7.144588274002497	0.0	173849	2284.7383312327524	0.6877327	-0.15000000000000002
2815.1853714222743	300	9.781171795525053	0.0	150710	1363.4164784774434	0.26081938	0.3
2816.4164029138065	300	12.550140303993253	0.0	139105	1231.031491531801	0.5035857	0.3
2817.546223031105	300	15.420320186694651	0.0	141840	1129.820117298601	0.6874512	0.3
2819.1972536832454	300	17.76928953455442	0.0	156148	1651.0306521402306	0.814335	0.3
2820.868973305719	300	20.097569912080658	0.0	160746	1671.7196224737627	0.7704297	0.3
2824.2912409111195	300	20.67530230668008	0.0	179801	3422.2676054005738	0.79145694	0.3
2828.373424301143	300	20.593118916656277	0.0	140051	4082.1833900238066	0.74395245	0.3
2831.2160184435247	300	21.750524774274883	0.0	138313	2842.5941423813924	0.58291143	0.3
2835.2082408585156	300	21.758302359284063	0.0	143509	3992.222414990822	0.45963547	0.3
2839.6504157169543	300	21.31612750084546	0.0	150616	4442.174858438602	0.3346526	0.3
2843.864024901054	300	21.10251831674581	0.0	165384	4213.60918409965	0.2015722	0.3
2846.7085573731506	300	22.25798584464941	0.0	140881	2844.5324720964036	0.13764715	0.3
2850.911683946228	300	22.054859271572138	0.0	157671	4203.126573077274	0.098423354	0.3
2856.278328847906	300	20.68821436989397	0.0	157812	5366.644901678168	0.06906716	0.3
2862.243078206129	300	18.723465011670708	0.0	163927	5964.749358223261	0.06198467	0.3
2866.916394703877	300	18.05014851392353	0.0	137654	4673.316497747179	0.06804216	0.3
2871.0182667522745	300	17.948276465525627	0.0	146754	4101.872048397907	0.049423587	0.3
2874.3338035099014	300	18.632739707899216	0.0	153938	3315.536757626412	0.039947826	0.3
2878.0992216176624	300	18.867321600137984	0.0	181901	3765.4181077612325	0.052866697	0.3
2879.8728129038786	300	21.093730313921387	0.0	111155	1773.5912862165967	0.12022346	0.3
2881.7781385702615	300	23.188404647538448	0.0	153605	1905.3256663829375	0.110657886	0.3
2883.882655206328	300	25.08388801147245	0.0	149029	2104.516636065999	0.28620097	0.3
2887.8138936655855	300	25.152649552214562	0.0	157421	3931.238459257885	0.5526128	0.3
2890.7028157491955	300	26.263727468605033	0.0	157488	2888.9220836095287	0.3160245	0.3
2894.2154821696263	300	26.75106104817434	0.0	143881	3512.6664204306953	0.47119397	0.3
2899.145828582915	300	25.820714634885636	0.0	163444	4930.346413288702	0.29491338	0.3
2904.7438329614265	300	24.222710256374164	0.0	179328	5598.004378511472	0.32884175	0.3
2910.4733770606626	300	22.49316615713821	0.0	159914	5729.544099235954	0.30583984	0.3
2914.989504317737	300	21.97703890006373	0.0	131610	4516.12725707448	0.3217087	0.3
2917.7504781949715	300	23.216065022829163	0.0	124011	2760.9738772345663	0.12545846	0.3
2922.5109939019803	300	22.45554931582047	0.0	144254	4760.515707008695	0.14943914	0.3
2927.9341146291163	300	21.032428588684354	0.0	149991	5423.120727136117	0.13528205	0.3
2932.957678274044	300	20.008864943756446	0.0	147968	5023.563644927909	0.17122231	0.3
2937.383557087453	300	19.582986130347884	0.0	161857	4425.878813408563	0.10624734	0.3
2940.3064297156093	300	20.66011350219181	0.0	145210	2922.872628156072	0.16507484	0.3
2942.0229821840685	300	22.94356103373258	0.0	172312	1716.552468459232	0.1891391	0.3
2943.6407059672433	300	25.325837250557424	0.0	167025	1617.723783175157	1.1173745	0.3
2945.0186971319085	300	27.947846085891996	0.0	160064	1377.9911646654264	1.4303097	0.3
2950.7036608716962	1850	26.262882346104416	0.0	830730	5684.9637397875795	1.3412615	0.30000000000000004
2956.0536266699737	1850	24.912916547827063	0.0	846370	5349.965798277353	0.53863907	1.85

