4696.054186404375	750	4.0	0.8872836624630916	450283	887.2836624630917	0.6548965	-3.065319748591294
4697.327577447748	1200	6.726608956627221	0.0	611087	1273.3910433727794	1.183987	0.75
4699.185718118424	1850	8.86846828595021	0.0	877771	1858.1406706770113	1.1081887	1.2000000000000002
4701.314809586696	1850	10.739376817678385	0.0	933276	2129.091468271825	0.7578396	1.85
4703.35320179766	1850	12.700984606713956	0.0	996749	2038.3922109644307	0.9447067	1.85
4705.695687273095	2850	14.358499131279215	0.0	1224260	2342.4854754347393	0.70503074	1.85
4708.703287600077	2850	15.350898804297607	0.0	1388403	3007.6003269816083	0.48013398	2.85
4712.289336490633	2850	15.764849913741271	0.0	1638769	3586.048890556336	0.41538414	2.85
4715.244742273945	2850	16.80944413042874	0.0	1348011	2955.405783312532	0.49834937	2.85
4718.787233034391	2850	17.266953369983003	0.0	1429765	3542.4907604457358	0.36952987	2.85
4721.997000456905	2850	18.0571859474694	0.0	1354548	3209.767422513605	0.36610126	2.85
4725.975801795413	2850	18.078384608961677	0.0	1519951	3978.801338507719	0.42452642	2.85
4729.126469960136	2850	18.927716444237785	0.0	1422919	3150.668164723896	0.3447271	2.85
4734.419511805777	2850	17.634674598597357	0.0	1578343	5293.041845640426	0.3300347	2.85
4750.997656016288	2850	5.056530388086187	0.0	1231445	16578.14421051117	0.3714634	2.85
4752.710208461629	300	7.343977942744699	0.0	138313	1712.5524453414873	0.9377122	-2.25
4753.998671004476	300	10.055515399898042	0.0	143509	1288.4625428466582	0.8508757	0.3
4754.719157830853	300	13.335028573521063	0.0	150616	720.4868263769794	0.97294456	0.3
4756.643079809304	1200	15.41110659507009	0.0	639204	1923.9219784509758	1.0894943	0.29999999999999993
4758.200446601997	1200	17.853739802377405	0.0	586839	1557.366792692685	0.7323186	1.2
4759.889930017048	1200	20.164256387326706	0.0	601738	1689.483415050697	0.9267392	1.2
4761.709549347243	1200	22.34463705713129	0.0	616206	1819.6193301954158	0.9822746	1.2
4764.829457140264	1850	23.224729264110696	0.0	968026	3119.9077930205967	0.9214272	1.2000000000000002
4768.4595667714275	2850	23.594619632947435	0.0	1323990	3630.1096311632596	0.83525455	1.85
4772.582843824386	2850	23.471342579987855	0.0	1383735	4123.277052959582	0.21127939	2.85
4779.15149123255	2850	20.902695171824845	0.0	1480464	6568.647408163007	0.26130152	2.85
4785.862338628379	2850	18.191847775996106	0.0	1547572	6710.847395828739	0.37348518	2.85
4788.998529067713	2850	19.055657336662335	0.0	1141971	3136.190439333771	0.48821917	2.85
4794.55817164596	2850	17.49601475841502	0.0	1498470	5559.642578247316	0.20967667	2.85
4799.976148735776	2850	16.078037668597855	0.0	1561263	5417.977089817163	0.38265482	2.85
4804.636326487478	2850	15.417859916896628	0.0	1341201	4660.177751701226	0.32639942	2.85
4808.70673537881	2850	15.34745102556431	0.0	1497683	4070.408891332319	0.36114076	2.85
4811.99818559424	2850	16.05600081013494	0.0	1358081	3291.450215429369	0.26763654	2.85
4815.531417076281	2850	16.522769328092597	0.0	1587293	3533.2314820423435	0.31809238	2.85
4818.929292766267	2850	17.124893638106066	0.0	1492672	3397.8756899865293	0.35091132	2.85
4822.2504884369855	2850	17.803697967387926	0.0	1439896	3321.195670718143	0.40532878	2.85
4825.021378574522	2850	19.032807829851453	0.0	1139291	2770.8901375364712	0.6127665	2.85
4828.45369132145	2850	19.600495082923924	0.0	1499009	3432.3127469275278	0.5651357	2.85
4831.723943272561	2850	20.33024313181198	0.0	1427478	3270.2519511119453	0.686671	2.85
4834.758813559275	2850	21.29537284509778	0.0	1402287	3034.870286714197	0.7229107	2.85
4839.512809028499	4300	20.541377375873722	0.0	2108491	4753.995469224055	0.6948881	2.8499999999999996
4844.303923752596	4300	19.750262651776023	0.0	2184571	4791.1147240977025	0.103345975	4.3
4849.525127177739	4300	18.52905922663388	0.0	2121928	5221.203425142144	0.089492746	4.3
4855.519707395262	4300	16.534479009109962	0.0	2219102	5994.58021752392	0.18107112	4.3
4860.03809805882	4300	16.01608834555242	0.0	2124950	4518.390663557542	0.167492	4.3
4864.355477861924	4300	15.698708542447948	0.0	2246506	4317.379803104471	0.23174699	4.3
4868.684020311333	4300	15.370166093038687	0.0	1961140	4328.54244940926	0.06445499	4.3
4873.3882299434845	4300	14.665956460888076	0.0	2155012	4704.209632150613	0.16649126	4.3

