2.731225734575557	750	4.0	2.731225734575557	450283	2731.225734575557	0.5	-10.994270658674894
5.156211323689944	750	5.575014410885613	0.0	398865	2424.985589114387	0.5612519	0.75
7.98282916555865	750	6.748396569016907	0.0	350812	2826.617841868706	0.39140803	0.75
14.350359357568275	750	4.380866377007281	0.0	382355	6367.530192009626	0.3644596	0.75
19.254488687717767	750	4.0	0.5232629531422098	411561	4904.129330149491	0.7022638	-1.5000306985115022
24.003736600572847	750	4.0	0.7492479128550785	318564	4749.2479128550785	0.52048296	-2.4717660252768376
26.954013581202034	750	5.049723019370813	0.0	352642	2950.2769806291876	0.67889094	0.75
30.017670180678763	750	5.986066419894083	0.0	437162	3063.6565994767293	0.53954893	0.75
32.54408602800458	750	7.459650572568269	0.0	374758	2526.4158473258144	0.43261763	0.75
35.39051337212722	750	8.613223228445632	0.0	362795	2846.4273441226383	0.30647546	0.75
38.59453582676664	750	9.409200773806205	0.0	353220	3204.0224546394256	0.3205761	0.75
41.53442840694426	750	10.469308193628587	0.0	405134	2939.892580177618	0.45833308	0.75
44.35594267886193	750	11.647793921710917	0.0	386351	2821.5142719176692	0.33287075	0.75
49.4543955442036	750	10.549341056369249	0.0	434409	5098.452865341668	0.3428046	0.75
51.97741169263606	750	12.026324907936793	0.0	337059	2523.0161484324567	0.60301816	0.75
54.407366817920426	750	13.596369782652422	0.0	366214	2429.9551252843694	0.37990564	0.75
56.544093105197206	750	15.459643495375643	0.0	360831	2136.7262872767797	0.32186186	0.75
59.22749674313931	750	16.776239857433538	0.0	372963	2683.403637942103	0.60045826	0.75
61.55788204378736	750	18.445854556785488	0.0	405596	2330.385300648047	0.46841568	0.75
63.46046431217925	750	20.543272288393602	0.0	350713	1902.5822683918852	0.6364493	0.75
65.43659907105462	750	22.56713752951823	0.0	386472	1976.1347588753742	0.8504865	0.75
67.83633514071241	750	24.16740145986043	0.0	399894	2399.7360696577994	0.86375725	0.75
70.21988885813141	750	25.783847742441427	0.0	401853	2383.553717419002	0.90540475	0.75
72.45430863732687	750	27.549427963245954	0.0	343800	2234.4197791954716	1.0301924	0.75
74.82075107852447	750	29.18298552204836	0.0	359903	2366.442441197598	0.914803	0.75
77.21366054771562	750	30.79007605285719	0.0	379700	2392.9094691911655	0.91892636	0.75
79.68508395640103	750	32.3186526441718	0.0	425781	2471.423408685391	0.8721997	0.75
81.29907396703902	750	34.70466263353381	0.0	277716	1613.9900106379962	1.1535838	0.75
83.2415944066637	750	36.762142193909135	0.0	400396	1942.5204396246668	1.1531898	0.75
85.71788903803936	750	38.285847562533476	0.0	400508	2476.294631375664	1.249613	0.75
87.57270791043467	750	40.43102869013815	0.0	358218	1854.8188723953251	1.1691117	0.75
89.52710090833871	750	42.47663569223412	0.0	400322	1954.3929979040267	1.3291733	0.75
93.15249241894053	1850	42.851244181632296	0.0	885062	3625.3915106018253	1.3068836	0.75
97.81858662484163	1850	42.18514997573121	0.0	1035329	4666.094205901093	0.86636966	1.85
102.0613632523212	1850	41.942373348251635	0.0	1026056	4242.776627479575	0.8168365	1.85
105.69499436176507	1850	42.30874223880777	0.0	943942	3633.631109443867	0.87333125	1.85
108.75741141431297	1850	43.24632518625987	0.0	728962	3062.4170525478967	0.92751336	1.85
112.4844484785134	1850	43.519288122059436	0.0	938587	3727.037064200432	0.8907995	1.85
115.59258835665099	1850	44.41114824392184	0.0	908665	3108.1398781375883	0.92927194	1.85
119.22392521754733	1850	44.7798113830255	0.0	930577	3631.3368608963447	0.96948	1.85
123.38641532965225	1850	44.61732127092059	0.0	858450	4162.4901121049115	0.9100173	1.85
128.51804633598215	1850	43.48569026459069	0.0	1025005	5131.631006329904	0.89822906	1.85
133.69253131351016	1850	42.31120528706271	0.0	886255	5174.484977527975	0.94210964	1.85
138.80402894140664	1850	41.19970765916623	0.0	973972	5111.4976278964905	0.82965565	1.85
142.99541139192584	1850	41.008325208647015	0.0	958994	4191.3824505192115	0.86077213	1.85
147.65990440808883	1850	40.34383219248406	0.0	982064	4664.493016162961	0.80001414	1.85
153.23989720591356	1850	38.76383939465934	0.0	830730	5579.992797824717	0.9438862	1.85
158.0424251802221	1850	37.96131142035081	0.0	846370	4802.527974308534	0.6286553	1.85

