8726.391626802751	750	4.0	1.26305294249572	450283	1263.05294249572	0.8345641	-4.681127652731596
8727.384010950736	750	7.00761585201587	0.0	398865	992.3841479841305	0.9152121	0.75
8729.037336573365	1200	9.354290229388653	0.0	571051	1653.3256226272174	1.2961605	0.75
8731.898308113037	1200	10.493318689717054	0.0	617681	2860.9715396715987	0.8713543	1.2
8734.411044926239	1200	11.980581876513867	0.0	652874	2512.7368132031875	0.64116555	1.2
8736.280094211084	1200	14.111532591668077	0.0	520315	1869.0492848457914	0.7189063	1.2
8738.147871090385	1200	16.24375571236905	0.0	561791	1867.7768792990246	0.71355164	1.2
8740.817652189993	1200	17.5739746127605	0.0	709534	2669.781099608549	0.6990451	1.2
8742.950233873913	1200	19.441392928840543	0.0	584846	2132.581683919963	0.8395965	1.2
8744.790641029122	1200	21.600985773632395	0.0	560821	1840.4071552081489	0.71045	1.2
8746.955465206616	1200	23.436161596138845	0.0	607410	2164.8241774935477	0.80819	1.2
8749.330992479765	1200	25.06063432298948	0.0	594078	2375.527273149367	0.74646586	1.2
8751.795691118827	1200	26.595935683928907	0.0	624282	2464.69863906057	0.7252221	1.2
8754.317206046757	1200	28.074420755998748	0.0	687371	2521.5149279301572	0.6320162	1.2
8756.848996218148	1200	29.54263058460622	0.0	526950	2531.7901713925303	0.9811232	1.2
8759.299385724078	1200	31.092241078675833	0.0	587876	2450.3895059303845	0.6586086	1.2
8761.772051773709	1200	32.61957502904665	0.0	617242	2472.6660496291825	0.799961	1.2
8764.115808107688	1200	34.275818695065986	0.0	581493	2343.7563339806607	0.90274423	1.2
8766.481434884934	1200	35.91019191782119	0.0	639204	2365.6267772447977	0.87300396	1.2
8768.586714648005	1200	37.80491215475098	0.0	586839	2105.2797630702116	1.07234	1.2
8771.032597703585	1200	39.35902909916977	0.0	601738	2445.8830555812065	1.1619482	1.2
8772.953171125877	1200	41.43845567687734	0.0	616206	1920.5734222924261	1.0881023	1.2
8776.636445799619	1850	41.75518100313678	0.0	968026	3683.2746737405587	1.2385297	1.2000000000000002
8779.58396211157	1850	42.80766469118591	0.0	874175	2947.5163119508675	0.83207387	1.85
8783.002936750463	1850	43.388690052293164	0.0	897976	3418.974638892753	0.79476506	1.85
8787.169359020683	1850	43.2222677820718	0.0	905935	4166.422270221359	0.84989864	1.85
8791.442961906712	1850	42.94866489604241	0.0	1076599	4273.6028860293945	0.8124425	1.85
8794.009728858226	1850	44.381897944529186	0.0	758197	2566.766951513224	0.8210747	1.85
8797.024332745901	1850	45.367294056854504	0.0	972798	3014.6038876746807	0.8793185	1.85
8800.074201823876	1850	46.31742497888003	0.0	975811	3049.8690779744707	0.89500684	1.85
8803.801713417111	1850	46.58991338564383	0.0	873429	3727.5115932361946	0.92525107	1.85
8808.76102426801	1850	45.630602534745535	0.0	954453	4959.310850898297	0.92815524	1.85
8812.05669140468	1850	46.334935398074656	0.0	885062	3295.667136670883	0.79748535	1.85
8816.568406245065	1850	45.82322055768855	0.0	1035329	4511.714840386102	0.8562552	1.85
8821.903003078041	1850	44.48862372471299	0.0	1026056	5334.5968329755615	0.8293201	1.85
8827.025736228981	1850	43.36589057377169	0.0	943942	5122.733150941297	0.82136923	1.85
8829.111113570081	1850	45.2805132326721	0.0	728962	2085.3773410995946	0.8434036	1.85
8833.693447651216	1850	44.698179151536884	0.0	938587	4582.334081135221	0.9421166	1.85
8838.02157788755	1850	44.3700489152035	0.0	908665	4328.130236333385	0.7636144	1.85
8842.260342340689	1850	44.13128446206493	0.0	930577	4238.764453138565	0.80351806	1.85
8845.916054931022	1850	44.4755718717311	0.0	858450	3655.7125903338383	0.8390444	1.85
8849.421758474924	1850	44.96986832783038	0.0	1025005	3505.703543900718	0.9075904	1.85
8852.621689125039	1850	45.76993767771507	0.0	886255	3199.9306501153146	0.9014517	1.85
8855.979638825593	1850	46.41198797716083	0.0	973972	3357.9497005542444	0.97120327	1.85
8865.846883806758	4300	40.54474299599693	0.0	2124950	9867.244981163894	1.0497284	1.8499999999999996
8874.774145569372	4300	35.61748123338246	0.0	2246506	8927.261762614464	0.32740614	4.3
8881.035810614569	4300	33.35581618818665	0.0	1961140	6261.665045195809	0.143274	4.3
8887.173769436085	4300	31.217857366670493	0.0	2155012	6137.958821516159	0.30963397	4.3

