12202.80144854223	750	4.0	3.9247822452337946	450283	3924.7822452337946	0.4968664	-16.126563654505315
12204.152844835446	300	6.648603706784821	0.0	155580	1351.3962932151785	0.72475535	-0.15000000000000002
12205.204981899455	300	9.596466642774697	0.0	139857	1052.1370640101254	0.43705034	0.3
12206.588107526128	300	12.213341016103536	0.0	155432	1383.1256266711605	0.55041206	0.3
12208.026180248522	300	14.775268293708956	0.0	163442	1438.0727223945805	0.8018867	0.3
12208.962938507384	300	17.838510034847047	0.0	126289	936.7582588619088	0.9687465	0.3
12211.419608833288	750	19.381839708942056	0.0	352642	2456.6703259049905	1.0840124	0.3
12213.97687074876	750	20.824577793471175	0.0	437162	2557.2619154708864	0.35555533	0.75
12216.066203992123	750	22.735244550107776	0.0	374758	2089.3332433633973	0.5178695	0.75
12218.256947470589	750	24.544501071641903	0.0	362795	2190.743478465872	0.5327355	0.75
12220.983249216431	750	25.81819932579834	0.0	353220	2726.301745843564	0.6141993	0.75
12225.14406194122	750	25.657386601008085	0.0	405134	4160.812724790252	0.5795467	0.75
12227.401257799998	750	27.400190742230606	0.0	386351	2257.1958587774798	0.5870041	0.75
12229.715675170444	750	29.0857733717848	0.0	434409	2314.417370445809	0.75147146	0.75
12232.266435704514	750	30.535012837715108	0.0	337059	2550.7605340696896	0.79723793	0.75
12235.555515680197	750	31.245932862033595	0.0	366214	3289.0799756815154	0.6123092	0.75
12240.260147990188	750	30.5413005520415	0.0	360831	4704.6323099920955	0.5651786	0.75
12244.674685250005	750	30.126763292224897	0.0	372963	4414.537259816605	0.6326014	0.75
12249.331863279058	750	29.469585263171314	0.0	405596	4657.178029053584	0.54317087	0.75
12252.848815618412	750	29.952632923816445	0.0	350713	3516.9523393548698	0.35828757	0.75
12256.570550633824	750	30.2308979084054	0.0	386472	3721.735015411042	0.53014046	0.75
12259.870396837414	750	30.931051704815683	0.0	399894	3299.8462035897187	0.47257358	0.75
12264.577925457934	750	30.223523084294893	0.0	401853	4707.528620520793	0.513653	0.75
12273.047061674522	750	25.7543868677064	0.0	343800	8469.136216588491	0.38080153	0.75
12278.60854376662	750	24.192904775606262	0.0	359903	5561.482092100142	0.5636528	0.75
12283.800381654028	750	23.001066888200207	0.0	379700	5191.837887406055	0.4673975	0.75
12289.22195723213	750	21.579491310098096	0.0	425781	5421.575578102111	0.3985123	0.75
12292.715923310017	750	22.085525232211914	0.0	277716	3493.9660778861808	0.32006904	0.75
12296.005842567258	750	22.795605974970794	0.0	400396	3289.919257241123	0.56933904	0.75
12300.984661624458	750	21.81678691777132	0.0	400508	4978.81905719947	0.51602036	0.75
12306.040014591019	750	20.761433951208957	0.0	358218	5055.3529665623655	0.3192954	0.75
12309.540040547856	750	21.26140799437329	0.0	400322	3500.0259568356682	0.41921797	0.75
12316.790240613544	750	18.011207928683557	0.0	369834	7250.200065689731	0.4505466	0.75
12321.476650957824	750	17.324797584402372	0.0	412837	4686.410344281187	0.6578591	0.75
12324.582678418763	750	18.218770123464004	0.0	401088	3106.027460938366	0.32213786	0.75
12326.937427886882	750	19.864020655345826	0.0	365161	2354.749468118179	0.5600837	0.75
12328.730219850937	750	22.071228691289164	0.0	321064	1792.7919640566602	0.84250695	0.75
12330.698528200694	750	24.10292034153248	0.0	361565	1968.308349756683	1.1956565	0.75
12332.786823122859	750	26.01462541936771	0.0	378327	2088.2949221647686	1.2709215	0.75
12338.017285684195	1200	24.78416285803153	0.0	587506	5230.462561336181	1.3474995	0.75
12342.8891567784	1200	23.912291763826357	0.0	566904	4871.871094205173	0.7618572	1.2
12346.048730514343	1200	24.752718027881002	0.0	641452	3159.5737359453556	0.5691212	1.2
12352.247382803735	1200	22.55406573849075	0.0	599477	6198.652289390251	1.1143725	1.2
12355.850776977144	1200	22.950671565081258	0.0	634861	3603.394173409493	0.56641406	1.2
12359.20072846984	1200	23.600720072386835	0.0	630203	3349.9514926944244	1.025791	1.2
12362.448555172248	1200	24.352893369978705	0.0	638661	3247.826702408128	0.9666809	1.2
12366.494829902693	1850	24.306618639533394	0.0	830730	4046.274730445313	1.1404722	1.2000000000000002
12371.978436244513	1850	22.823012297713703	0.0	846370	5483.60634181969	0.40846083	1.85

