9756.227476954322	750	4.0	4.746018619318359	450283	4746.018619318359	0.85066664	-19.65788006306894
9757.528632045314	300	6.698844909008274	0.0	155580	1301.1550909917264	0.60300314	-0.15000000000000002
9758.716519822738	300	9.510957131585016	0.0	139857	1187.8877774232599	0.429382	0.3
9760.10239863473	300	12.125078319591939	0.0	155432	1385.8788119930766	0.40148798	0.3
9761.50161177971	300	14.725865174612448	0.0	163442	1399.2131449794917	0.7488962	0.3
9762.529433573762	300	17.698043380560325	0.0	126289	1027.8217940521236	0.9557055	0.3
9763.85858839363	300	20.368888560692216	0.0	153295	1329.1548198681082	1.0049956	0.3
9765.246109771151	300	22.981367183172257	0.0	173849	1387.5213775199597	0.76278496	0.3
9768.202609516029	750	24.024867438295217	0.0	374758	2956.4997448770414	0.9768505	0.3
9771.331277146992	750	24.896199807331886	0.0	362795	3128.6676309633285	0.38602677	0.75
9773.984158081443	750	26.243318872881392	0.0	353220	2652.8809344504953	0.41725987	0.75
9778.315654228807	750	25.911822725516565	0.0	405134	4331.496147364825	0.53347886	0.75
9782.31525119462	750	25.912225759704828	0.0	386351	3999.5969658117383	0.33818275	0.75
9786.226116874597	750	26.00136007972539	0.0	434409	3910.8656799794358	0.31800804	0.75
9788.331120018405	750	27.896356935916604	0.0	337059	2105.003143808787	0.3925726	0.75
9790.610614260871	750	29.61686269345111	0.0	366214	2279.49424246549	0.6647514	0.75
9793.320742665528	750	30.90673428879461	0.0	360831	2710.1284046565015	0.598813	0.75
9796.078314189184	750	32.14916276513729	0.0	372963	2757.571523657319	0.60066587	0.75
9799.06227696944	750	33.165199984881866	0.0	405596	2983.9627802554205	0.7139634	0.75
9802.009264979351	750	34.21821197497057	0.0	350713	2946.988009911295	0.7206632	0.75
9804.895157790108	750	35.33231916421352	0.0	386472	2885.8928107570537	0.7396118	0.75
9808.135015600248	750	36.092461354074764	0.0	399894	3239.8578101387557	0.71507937	0.75
9811.71945355683	750	36.50802339749108	0.0	401853	3584.4379565836834	0.70428807	0.75
9814.4705173963	750	37.75695955802267	0.0	343800	2751.0638394684092	0.7060515	0.75
9817.935927405617	750	38.2915495487056	0.0	359903	3465.4100093170723	0.8041172	0.75
9822.876053441698	750	37.35142351262478	0.0	379700	4940.126036080819	0.7108248	0.75
9828.042388175427	750	36.1850887788963	0.0	425781	5166.334733728483	0.44413972	0.75
9831.23905813286	750	36.98841882146213	0.0	277716	3196.669957434172	0.5215993	0.75
9835.0550145448	750	37.17246240952281	0.0	400396	3815.9564119393267	0.7504192	0.75
9839.20727941922	750	37.02019753510242	0.0	400508	4152.264874420392	0.68420225	0.75
9843.43122209987	750	36.79625485445233	0.0	358218	4223.942680650085	0.58563197	0.75
9849.01353008799	750	35.21394686633146	0.0	400322	5582.307988120873	0.6226848	0.75
9853.932713277993	750	34.294763676329765	0.0	369834	4919.183190001695	0.4076572	0.75
9866.163759014582	750	26.0637179397395	0.0	412837	12231.04573659026	0.4784576	0.75
9880.466321370119	750	15.761155584203273	0.0	401088	14302.562355536229	0.76545537	0.75
9885.234551410222	300	14.992925544100446	0.0	159914	4768.230040102826	0.46076617	-0.15000000000000002
9888.991736072538	300	15.235740881784535	0.0	131610	3757.1846623159113	0.25606713	0.3
9893.39356901396	300	14.83390794036319	0.0	124011	4401.832941421346	0.07270894	0.3
9897.310482595296	300	14.916994359028093	0.0	144254	3916.9135813350968	0.06289046	0.3
9899.943409481742	300	16.28406747258152	0.0	149991	2632.926886446574	0.115208805	0.3
9902.507943668466	300	17.71953328585904	0.0	147968	2564.5341867224765	0.31247607	0.3
9905.593203584951	300	18.634273369374444	0.0	161857	3085.259916484595	0.45051622	0.3
9908.68729263175	300	19.540184322574284	0.0	145210	3094.0890468001608	0.5514806	0.3
9914.066435605127	300	18.16104134919722	0.0	172312	5379.142973377064	0.2793569	0.3
9918.082106796834	300	18.14537015749244	0.0	167025	4015.6711917047787	0.28165588	0.3
9923.379802735377	300	16.847674218947606	0.0	160064	5297.6959385448345	0.31302795	0.3
9925.596228697383	300	18.631248256941866	0.0	137507	2216.4259620057383	0.33733717	0.3
9926.872894495533	300	21.354582458791057	0.0	118421	1276.6657981508092	0.69846845	0.3

