12882.791550984595	750	4.0	12.266701258043659	450283	12266.701258043659	0.9457797	-51.99681540958773
12887.423471514854	300	4.0	0.6319205302601922	155580	4631.920530260192	0.07708113	-2.867258280118827
12890.471303181186	300	4.952168333667658	0.0	139857	3047.8316663323417	0.017213002	0.3
12893.740779618425	300	5.682691896429397	0.0	155432	3269.4764372382615	0.015172701	0.3
12897.098055039232	300	6.325416475623024	0.0	163442	3357.275420806372	0.012445126	0.3
12899.225820504282	300	8.19765101057458	0.0	126289	2127.765465048444	0.03346361	0.3
12901.431146972442	300	9.99232454241477	0.0	153295	2205.326468159809	0.031439364	0.3
12903.627508038115	300	11.795963476741463	0.0	173849	2196.3610656733085	0.037385434	0.3
12905.435514368073	300	13.987957146781996	0.0	150710	1808.006329959466	0.12670618	0.3
12907.107252571133	300	16.316218943722877	0.0	139105	1671.7382030591195	0.16626477	0.3
12908.55385549747	300	18.86961601738669	0.0	141840	1446.6029263361888	0.27559358	0.3
12910.171844309007	300	21.251627205851133	0.0	156148	1617.9888115355566	0.41804415	0.3
12911.913811256252	300	23.509660258605173	0.0	160746	1741.9669472459561	0.62358326	0.3
12913.820945206977	300	25.602526307880897	0.0	179801	1907.1339507242762	0.6530006	0.3
12915.246005778212	300	28.177465736647086	0.0	140051	1425.0605712338108	0.866967	0.3
12916.73245998003	300	30.691011534829666	0.0	138313	1486.454201817416	0.8984559	0.3
12918.523177474133	300	32.90029404072579	0.0	143509	1790.7174941038757	0.9365816	0.3
12920.455755635898	300	34.96771587896075	0.0	150616	1932.5781617650355	1.0271498	0.3
12922.438709690528	300	36.98476182433157	0.0	165384	1982.9540546291828	0.99835753	0.3
12926.937284823975	750	36.48618669088411	0.0	350713	4498.575133447461	1.11088	0.3
12932.042863524772	750	35.3806079900865	0.0	386472	5105.578700797615	0.52827007	0.75
12936.266454002882	750	35.1570175119771	0.0	399894	4223.590478109401	0.43710208	0.75
12940.745405288731	750	34.67806622612728	0.0	401853	4478.951285849825	0.55848426	0.75
12945.68231320065	750	33.74115831420849	0.0	343800	4936.907911918786	0.51763207	0.75
12950.37159521491	750	33.051876299948944	0.0	359903	4689.282014259553	0.33240306	0.75
12952.90136816211	750	34.52210335274845	0.0	379700	2529.772947200484	0.4245336	0.75
12956.063059715932	750	35.360411798925895	0.0	425781	3161.6915538225617	0.7887629	0.75
12958.241472142367	750	37.18199937249173	0.0	277716	2178.4124264341685	0.87057304	0.75
12960.837742784288	750	38.585728730570345	0.0	400396	2596.2706419213837	0.97728014	0.75
12963.950374680117	750	39.47309683474197	0.0	400508	3112.6318958283655	1.1027237	0.75
12966.448809992246	750	40.97466152261293	0.0	358218	2498.4353121290487	0.9705136	0.75
12968.931776765634	750	42.49169474922527	0.0	400322	2482.96677338766	1.1298723	0.75
12971.496803977845	750	43.9266675370131	0.0	369834	2565.0272122121587	1.1770737	0.75
12974.490682556967	750	44.93278895789111	0.0	412837	2993.878579121996	1.1038634	0.75
12977.435730757517	750	45.98774075733963	0.0	401088	2945.048200551489	1.1044536	0.75
12980.122078299119	750	47.301393215738656	0.0	365161	2686.3475416009715	1.2243215	0.75
12981.816130317975	750	49.60734119688216	0.0	321064	1694.052018856496	1.3473332	0.75
12987.810757947702	1850	47.61271356715528	0.0	938587	5994.627629726881	1.3817936	0.75
12993.586248250058	1850	45.83722326479894	0.0	908665	5775.490302356335	0.9219312	1.85
12999.851717048228	1850	43.57175446662904	0.0	930577	6265.468798169902	0.85451055	1.85
13007.282153528735	1850	40.14131798612118	0.0	858450	7430.436480507857	0.7919903	1.85
13017.893673217297	1850	33.52979829756054	0.0	1025005	10611.519688560646	0.7051431	1.85
13023.851233098878	1850	31.572238415978926	0.0	886255	5957.5598815816165	0.83179116	1.85
13029.354282639397	1850	30.069188875459147	0.0	973972	5503.049540519777	0.6803937	1.85
13042.533950847916	1850	20.889520666940648	0.0	958994	13179.668208518504	0.6355216	1.85
13052.335654982642	1200	15.087816532215221	0.0	638661	9801.704134725425	0.99518985	0.5499999999999999
13057.794591777883	1200	13.628879736972316	0.0	538612	5458.936795242906	1.0058589	1.2
13064.96831763585	1200	10.455153879004117	0.0	550906	7173.7258579682	0.8437004	1.2

