6422.510920022457	750	4.0	1.4342768133466879	450283	1434.276813346688	0.6883017	-5.4173902973907575
6423.871081280553	750	6.6398387419037395	0.0	398865	1360.16125809626	0.805047	0.75
6425.30137996843	750	9.209540054025693	0.0	350812	1430.298687878048	1.0001224	0.75
6426.616449386822	750	11.89447063563421	0.0	382355	1315.0694183914811	0.88841593	0.75
6428.725178213426	1200	13.785741809029945	0.0	652874	2108.7288266042647	1.1685014	0.75
6430.961477289781	1200	15.549442732675235	0.0	520315	2236.2990763547095	0.8112509	1.2
6433.579427192644	1200	16.93149282981157	0.0	561791	2617.949902863668	0.683139	1.2
6436.921659844374	1200	17.589260178082522	0.0	709534	3342.2326517290485	0.5014844	1.2
6439.746204778115	1200	18.76471524434177	0.0	584846	2824.5449337407517	0.60407126	1.2
6444.005966103016	1200	18.504953919439565	0.0	560821	4259.761324902204	0.43317488	1.2
6448.9096306427655	1200	17.60128937969063	0.0	607410	4903.664539748935	0.35730737	1.2
6451.215851369056	1200	19.29506865340003	0.0	594078	2306.2207262906013	0.273945	1.2
6453.793488123588	1200	20.717431898867964	0.0	624282	2577.6367545320654	0.38750508	1.2
6456.642941458909	1200	21.867978563546984	0.0	687371	2849.4533353209813	0.35276878	1.2
6459.127816950494	1200	23.383103071961695	0.0	526950	2484.8754915852915	0.70921314	1.2
6463.026810278745	1200	23.484109743710352	0.0	587876	3898.9933282513425	0.46499422	1.2
6466.758730524537	1200	23.75218949791866	0.0	617242	3731.9202457916895	0.24318276	1.2
6469.53664500416	1200	24.974275018296115	0.0	581493	2777.9144796225487	0.35388672	1.2
6472.784305216248	1200	25.726614806207984	0.0	639204	3247.660212088128	0.49461067	1.2
6475.528186307072	1200	26.982733715383524	0.0	586839	2743.8810908244595	0.53599185	1.2
6478.319022461403	1200	28.191897561053242	0.0	601738	2790.8361543302835	0.61824477	1.2
6481.993074467746	1200	28.51784555471046	0.0	616206	3674.0520063427875	0.6249306	1.2
6491.018503226728	1200	23.492416795728133	0.0	656471	9025.428758982323	0.39475316	1.2
6497.864788630045	1200	20.64613139241091	0.0	536667	6846.285403317219	0.3531743	1.2
6503.379794047562	1200	19.131125974893443	0.0	587236	5515.005417517471	0.366465	1.2
6508.571831585017	1200	17.939088437439075	0.0	590335	5192.037537454371	0.35984161	1.2
6512.763979616298	1200	17.74694040615877	0.0	696376	4192.148031280304	0.4597383	1.2
6514.463142499385	1200	20.047777523071144	0.0	487160	1699.1628830876243	0.6394892	1.2
6516.245040980025	1200	22.265879042431056	0.0	622896	1781.8984806400863	0.7902765	1.2
6519.685506509701	1850	22.82541351275586	0.0	975811	3440.465529675198	0.9828751	1.2000000000000002
6522.998451171513	1850	23.512468850944188	0.0	873429	3312.944661811671	0.27436718	1.85
6525.823409901074	1850	24.687510121382402	0.0	954453	2824.9587295617844	0.42055732	1.85
6528.54234176672	1850	25.9685782557372	0.0	885062	2718.9318656452	0.6378348	1.85
6533.591597388648	1850	24.919322633809728	0.0	1035329	5049.255621927475	0.6121441	1.85
6539.3775138276	1850	23.13340619485738	0.0	1026056	5785.916438952345	0.558424	1.85
6542.810007260704	1850	23.700912761752257	0.0	943942	3432.4934331051236	0.78938717	1.85
6549.313749057311	2850	21.197170965145794	0.0	1139291	6503.741796606464	0.86249745	1.85
6557.188873110127	2850	17.32204691232967	0.0	1499009	7875.124052816122	0.5431062	2.85
6562.4121821983745	2850	16.098737824082253	0.0	1427478	5223.309088247416	0.7849669	2.85
6568.517572186688	2850	13.99334783576897	0.0	1402287	6105.389988313283	0.48329157	2.85
6574.264645186224	2850	12.24627483623249	0.0	1339500	5747.072999536481	0.6056314	2.85
6582.713473574803	2850	7.797446447653019	0.0	1527299	8448.82838857947	0.7641634	2.85
6591.163093519579	1850	4.0	0.6521734971224541	886255	8449.619944775473	1.2296269	-1.9543460376265522
6593.713698177399	1200	5.4493953421799075	0.0	634861	2550.604657820092	1.2905759	0.5499999999999999
6596.123198675995	1200	7.039894843584576	0.0	630203	2409.5004985953315	0.8042924	1.2
6598.737353287445	1200	8.425740232134107	0.0	638661	2614.15461145047	0.84260887	1.2
6601.81961293106	1850	9.343480588520169	0.0	830730	3082.2596436139374	0.78197396	1.2000000000000002
6605.213604735364	1850	9.94948878421547	0.0	846370	3393.9918043046996	0.41893318	1.85

