14959.661393297018	750	4.0	2.288238812003366	450283	2288.238812003366	0.9026895	-9.089426891614474
14962.355601708698	750	5.305791588322136	0.0	398865	2694.2084116778638	0.48978	0.75
14964.561529441065	750	7.099863855953809	0.0	350812	2205.9277323683264	0.36313742	0.75
14966.18135803096	750	9.480035266059609	0.0	382355	1619.8285898942004	0.38194636	0.75
14967.85376557646	750	11.807627720559813	0.0	411561	1672.4075454997967	0.7922977	0.75
14969.326542166242	750	14.334851130776714	0.0	318564	1472.7765897830984	0.92278093	0.75
14970.97888035397	750	16.682512943047996	0.0	352642	1652.3381877287175	1.0063164	0.75
14972.69218593297	750	18.969207364048742	0.0	437162	1713.305578999252	0.8674067	0.75
14975.157949303908	1200	20.503443993110498	0.0	584846	2465.7633709382453	1.0344938	0.75
14977.977989756277	1200	21.683403540741544	0.0	560821	2820.0404523689526	0.5519833	1.2
14980.452668382995	1200	23.20872491402401	0.0	607410	2474.6786267175344	0.53735226	1.2
14983.708776702062	1200	23.95261659495736	0.0	594078	3256.1083190666513	0.6284735	1.2
14987.448974092249	1200	24.212419204769695	0.0	624282	3740.1973901876636	0.39117515	1.2
14990.247016293277	1200	25.414377003743176	0.0	687371	2798.0422010265197	0.27014956	1.2
14992.41649490575	1200	27.244898391268425	0.0	526950	2169.478612474753	0.7843142	1.2
14995.048423508322	1200	28.612969788698074	0.0	587876	2631.92860257035	0.67670196	1.2
14998.037566314197	1200	29.62382698282456	0.0	617242	2989.142805873511	0.6985041	1.2
15000.646610073713	1200	31.014783223308708	0.0	581493	2609.0437595158533	0.67554116	1.2
15003.049879941611	1200	32.61151335540888	0.0	639204	2403.269867899824	0.61519516	1.2
15006.156533323552	1200	33.50485997346665	0.0	586839	3106.6533819422284	1.0043148	1.2
15009.048774898907	1200	34.61261839811219	0.0	601738	2892.2415753544633	0.8065363	1.2
15011.243283286525	1200	36.41811001049531	0.0	616206	2194.5083876168715	0.82037956	1.2
15013.033253139442	1200	38.62814015757856	0.0	656471	1789.9698529167558	1.0804882	1.2
15015.855173221427	1850	39.80622007559206	0.0	874175	2821.9200819864986	1.269957	1.2000000000000002
15020.453414692614	1850	39.20797860440568	0.0	897976	4598.241471186374	0.70579064	1.85
15024.33727635342	1850	39.3241169435984	0.0	905935	3883.8616608072844	0.79332614	1.85
15029.908133145085	1850	37.7532601519341	0.0	1076599	5570.856791664304	0.7664126	1.85
15033.154933063126	1850	38.506460233893115	0.0	758197	3246.799918040986	0.75816727	1.85
15037.459959923093	1850	38.201433373923635	0.0	972798	4305.026859969484	0.67209387	1.85
15043.09821808753	1850	36.56317520948661	0.0	975811	5638.258164437021	0.71294147	1.85
15047.97857480618	1850	35.68281849083822	0.0	873429	4880.356718648389	0.63909674	1.85
15052.430940406815	1850	35.230452890202805	0.0	954453	4452.36560063542	0.53066015	1.85
15056.16464359168	1850	35.49674970533998	0.0	885062	3733.7031848628253	0.41340858	1.85
15060.02506741709	1850	35.63632587993062	0.0	1035329	3860.4238254093657	0.48621023	1.85
15063.653675200829	1850	36.00771809619021	0.0	1026056	3628.6077837404	0.45841473	1.85
15067.413379789094	1850	36.24801350792538	0.0	943942	3759.704588264827	0.5709118	1.85
15071.226013843972	1850	36.435379453047105	0.0	728962	3812.6340548782714	0.6211643	1.85
15077.81041066424	1850	33.85098263277882	0.0	938587	6584.39682026828	0.51136357	1.85
15082.672374629681	1850	32.98901866733727	0.0	908665	4861.963965441557	0.5558657	1.85
15086.958551713247	1850	32.70284158377225	0.0	930577	4286.177083565016	0.5340212	1.85
15090.114761298666	1850	33.546631998354144	0.0	858450	3156.2095854181034	0.5472034	1.85
15093.782259021176	1850	33.87913427584318	0.0	1025005	3667.49772251097	0.58404875	1.85
15097.803447229866	1850	33.85794606715373	0.0	886255	4021.188208689447	0.7021847	1.85
15102.229214874355	1850	33.43217842266396	0.0	973972	4425.767644489775	0.5560491	1.85
15105.737359092544	1850	33.924034204477024	0.0	958994	3508.1442181869306	0.7102866	1.85
15110.239225824711	1850	33.422167472307514	0.0	982064	4501.866732169509	0.6853867	1.85
15115.044665171414	1850	32.61672812560416	0.0	830730	4805.4393467033515	0.8491937	1.85
15118.48920652228	1850	33.172186774739494	0.0	846370	3444.541350864666	0.6123066	1.85

