10471.113712094326	750	4.0	0.9321555281170851	450283	932.1555281170852	0.28184304	-3.2582687709034657
10472.251797928873	1200	6.861914165452815	0.0	611087	1138.0858345471852	1.1618469	0.75
10473.784781209048	1850	9.328930885278838	0.0	877771	1532.9832801739756	1.0761235	1.2000000000000002
10476.500956870512	2850	10.612755223816476	0.0	1520281	2716.175661462361	0.8901219	1.85
10479.02092609268	2850	12.092786001646756	0.0	1472558	2519.9692221697205	0.65527576	2.85
10481.180236968543	2850	13.933475125783472	0.0	1224260	2159.310875863284	0.60131407	2.85
10484.09083773635	2850	15.022874357977786	0.0	1388403	2910.600767805687	0.69702226	2.85
10487.643690395244	2850	15.470021699084738	0.0	1638769	3552.8526588930476	0.67701864	2.85
10490.610847404225	2850	16.50286469010341	0.0	1348011	2967.1570089813263	0.6846304	2.85
10493.831402383714	2850	17.282309710615845	0.0	1429765	3220.5549794875656	0.58521104	2.85
10496.615265687898	2850	18.49844640643195	0.0	1354548	2783.863304183899	0.58587205	2.85
10499.368060042952	2850	19.74565205137661	0.0	1519951	2752.7943550553377	0.63912445	2.85
10501.992000349515	2850	21.121711744814498	0.0	1422919	2623.940306562113	0.59031093	2.85
10505.109096300146	2850	22.004615794184826	0.0	1578343	3117.0959506296717	0.5862051	2.85
10507.414996309339	2850	23.698715784992945	0.0	1231445	2305.900009191879	0.68136686	2.85
10510.365071572929	2850	24.748640521401843	0.0	1471065	2950.075263591104	0.65442765	2.85
10513.735885306563	2850	25.377826787767837	0.0	1491626	3370.813733634006	0.56230503	2.85
10516.283577702417	2850	26.830134391912864	0.0	1358801	2547.692395854973	0.71769446	2.85
10519.08300070345	2850	28.030711390883308	0.0	1537156	2799.423001029553	0.71961194	2.85
10521.625473745704	2850	29.488238348627334	0.0	1336050	2542.4730422559746	0.7205204	2.85
10525.403848489996	4300	29.709863604335183	0.0	2039773	3778.374744292153	0.6691569	2.8499999999999996
10529.406512858406	4300	29.707199235925742	0.0	2176469	4002.66436840944	0.12907434	4.3
10533.320426051176	4300	29.79328604315561	0.0	2221506	3913.9131927701324	0.14430575	4.3
10537.136385767008	4300	29.977326327322793	0.0	2044075	3815.959715832819	0.08347426	4.3
10541.150057693461	4300	29.963654400869807	0.0	2186790	4013.6719264529847	0.12244808	4.3
10544.818938227574	4300	30.294773866756607	0.0	2105231	3668.8805341131992	0.08201957	4.3
10549.490495435195	4300	29.623216659135228	0.0	2395588	4671.557207621381	0.166002	4.3
10553.394932901354	4300	29.71877919297658	0.0	1972048	3904.43746615865	0.062120598	4.3
10557.454698221854	4300	29.65901387247609	0.0	2134614	4059.7653205004913	0.08784982	4.3
10561.590266411291	4300	29.52344568303951	0.0	2164140	4135.568189436584	0.097969785	4.3
10565.685721517959	4300	29.427990576371002	0.0	2113193	4095.4551066685062	0.075932875	4.3
10569.555154356427	4300	29.55855773790256	0.0	2147852	3869.432838468442	0.08160432	4.3
10573.72783990726	4300	29.38587218707033	0.0	2191074	4172.68555083223	0.0751775	4.3
10578.065366856872	4300	29.04834523746054	0.0	2286761	4337.526949609792	0.107177444	4.3
10582.24247038887	4300	28.871241705460445	0.0	2307787	4177.103532000094	0.09760162	4.3
10585.972714589388	4300	29.14099750494218	0.0	2143948	3730.2442005182634	0.050534725	4.3
10589.254744702872	4300	29.858967391459032	0.0	1919781	3282.0301134831493	0.031113062	4.3
10593.296466765098	4300	29.81724532923288	0.0	2147467	4041.7220622261534	0.038608707	4.3
10597.97955933623	4300	29.13415275810114	0.0	2133870	4683.09257113174	0.035378397	4.3
10602.74741287744	4300	28.366299216892457	0.0	2146120	4767.853541208681	0.04280504	4.3
10606.955067994846	4300	28.158644099484984	0.0	2108491	4207.655117407476	0.044906203	4.3
10610.96818839211	4300	28.14552370222164	0.0	2184571	4013.1203972633402	0.04563101	4.3
10615.020018252191	4300	28.093693842140368	0.0	2121928	4051.829860081273	0.031139262	4.3
10619.23038747628	4300	27.883324618052683	0.0	2219102	4210.369224087684	0.0360999	4.3
10623.791574670942	4300	27.322137423389595	0.0	2124950	4561.18719466309	0.029918477	4.3
10627.886976040934	4300	27.226736053396024	0.0	2246506	4095.4013699935717	0.0468731	4.3
10631.562645207574	4300	27.551066886757308	0.0	1961140	3675.6691666387146	0.025402503	4.3
10635.56606414443	4300	27.547647949901545	0.0	2155012	4003.418936855763	0.03120996	4.3

