13258.438206887307	750	4.0	6.865112348267744	450283	6865.112348267744	0.4103955	-28.7699830975513
13260.49878280487	300	5.939424082436076	0.0	155580	2060.575917563924	0.2912196	-0.15000000000000002
13262.282337009156	300	8.155869878150016	0.0	139857	1783.5542042860604	0.098187156	0.3
13264.140274703826	300	10.297932183479393	0.0	155432	1857.9376946706218	0.09440048	0.3
13265.997498000186	300	12.440708887119614	0.0	163442	1857.2232963597808	0.17084497	0.3
13267.307597705305	300	15.130609182001447	0.0	126289	1310.099705118168	0.42161977	0.3
13268.740717268802	300	17.697489618503123	0.0	153295	1433.11956349832	0.5166174	0.3
13270.563816325033	300	19.874390562272517	0.0	173849	1823.0990562306067	0.47462186	0.3
13272.10719730854	300	22.331009578764466	0.0	150710	1543.3809835080526	0.70100075	0.3
13273.653035547884	300	24.78517133942052	0.0	139105	1545.8382393439476	0.7515831	0.3
13275.360223593598	300	27.077983293706218	0.0	141840	1707.1880457143025	0.7790953	0.3
13277.310329735588	300	29.12787715171659	0.0	156148	1950.1061419896282	0.75923663	0.3
13279.112997107139	300	31.32520978016678	0.0	160746	1802.6673715498073	0.82974964	0.3
13281.905775315676	300	32.532431571629544	0.0	179801	2792.7782085372332	0.8853007	0.3
13283.820415050572	300	34.61779183673394	0.0	140051	1914.6397348955984	0.8864383	0.3
13285.745631499012	300	36.69257538829326	0.0	138313	1925.2164484406876	0.8581853	0.3
13287.753793598764	300	38.68441328854258	0.0	143509	2008.1620997506793	0.83915174	0.3
13290.167281094467	300	40.270925792839655	0.0	150616	2413.487495702923	0.9605279	0.3
13293.883919219023	300	40.5542876682836	0.0	165384	3716.6381245560574	0.79036933	0.3
13298.177315586536	300	40.260891300771064	0.0	140881	4293.396367512537	0.7462251	0.3
13304.302949604555	300	38.13525728275169	0.0	157671	6125.634018019377	0.53020245	0.3
13310.072467056325	300	36.36573983098153	0.0	157812	5769.517451770152	0.35872453	0.3
13315.749675127814	300	34.6885317594918	0.0	163927	5677.208071489736	0.25622272	0.3
13319.836548710156	300	34.60165817714836	0.0	137654	4086.8735823434363	0.21780257	0.3
13323.95280750692	300	34.48539938038631	0.0	146754	4116.258796762047	0.12563777	0.3
13329.528384564137	300	32.90982232316786	0.0	153938	5575.57705721846	0.08182785	0.3
13333.597500091568	300	32.840706795737624	0.0	181901	4069.1155274302246	0.08103621	0.3
13335.472925288022	300	34.96528159928326	0.0	111155	1875.425196454361	0.21470964	0.3
13338.226630882573	300	36.21157600473273	0.0	153605	2753.705594550534	0.23351786	0.3
13340.993140884904	300	37.44506600240109	0.0	149029	2766.510002331635	0.3312489	0.3
13344.771022231022	300	37.667184656282984	0.0	157421	3777.881346118112	0.6369239	0.3
13349.182351587206	300	37.25585530009944	0.0	157488	4411.329356183534	0.44549018	0.3
13352.80988237686	300	37.628324510446795	0.0	143881	3627.5307896526506	0.5070321	0.3
13357.020262479546	300	37.41794440776081	0.0	163444	4210.380102685985	0.37620485	0.3
13361.183569681225	300	37.25463720608184	0.0	179328	4163.30720167897	0.4407181	0.3
13362.715046492845	300	39.72316039446186	0.0	159914	1531.476811619987	0.53523123	0.3
13364.975406897374	1850	41.462799989933	0.0	728962	2260.360404528852	1.4082533	0.30000000000000004
13367.160054406972	1850	43.278152480336225	0.0	938587	2184.647509596774	0.83281267	1.85
13371.593515711818	4300	42.84469117548871	0.0	2133870	4433.461304847512	1.0692554	1.8499999999999996
13376.380382535792	4300	42.05782435151477	0.0	2146120	4786.866823973939	0.17505953	4.3
13381.149391672836	4300	41.28881521446847	0.0	2108491	4769.009137046297	0.097532414	4.3
13385.731391202686	4300	40.70681568461897	0.0	2184571	4581.999529849506	0.08906593	4.3
13390.094537863904	4300	40.343669023401574	0.0	2121928	4363.146661217391	0.063461505	4.3
13394.91759665296	4300	39.52061023434655	0.0	2219102	4823.058789055031	0.063076176	4.3
13400.015410429405	4300	38.4227964579016	0.0	2124950	5097.813776444952	0.04216365	4.3
13405.15749894687	4300	37.28070794043707	0.0	2246506	5142.08851746453	0.046479497	4.3
13409.678550513681	4300	36.75965637362663	0.0	1961140	4521.051566810433	0.031691864	4.3
13414.231054818181	4300	36.20715206912652	0.0	2155012	4552.504304500106	0.045931846	4.3

