20911.288818408022	750	4.0	3.5388403668140223	450283	3538.840366814022	0.12010507	-14.467013577300294
20914.87308777603	750	4.415730631991942	0.0	398865	3584.269368008057	0.7260834	0.75
20918.412274327406	750	4.876544080619018	0.0	350812	3539.186551372924	0.5285384	0.75
20922.333021832572	750	4.95579657545445	0.0	382355	3920.7475051645692	0.6054236	0.75
20926.588016399153	750	4.700802008871383	0.0	411561	4254.994566583066	0.5015877	0.75
20929.740012803217	750	5.54880560480811	0.0	318564	3151.996404063273	0.48875028	0.75
20934.254056544225	750	5.034761863798367	0.0	352642	4514.043741009743	0.49524564	0.75
20935.338152167325	300	7.950666240699693	0.0	173849	1084.0956230986735	0.69498277	-0.15000000000000002
20936.459641920654	300	10.829176487372244	0.0	150710	1121.4897533274493	0.7513052	0.3
20937.616011910035	300	13.672806497989226	0.0	139105	1156.3699893830174	0.7501186	0.3
20938.67244931609	300	16.61636909193474	0.0	141840	1056.4374060544872	0.7843183	0.3
20939.832797193078	300	19.456021214951495	0.0	156148	1160.3478769832443	0.8898862	0.3
20943.15504970883	750	20.133768699200367	0.0	386351	3322.2525157511277	0.96616495	0.3
20947.134338153362	750	20.154480254665803	0.0	434409	3979.288444534561	0.40343112	0.75
20950.611461532368	750	20.677356875658695	0.0	337059	3477.123379007108	0.45534918	0.75
20954.309321567627	750	20.97949684039858	0.0	366214	3697.860035260115	0.43884057	0.75
20957.082655255734	750	22.206163152291644	0.0	360831	2773.3336881069336	0.29121336	0.75
20959.602883394185	750	23.68593501384113	0.0	372963	2520.2281384505127	0.47003126	0.75
20962.077051327775	750	25.211767080252056	0.0	405596	2474.1679335890753	0.4715243	0.75
20964.168551560517	750	27.120266847512678	0.0	350713	2091.500232739376	0.6073888	0.75
20966.638478321238	750	28.650340086792575	0.0	386472	2469.926760720105	0.8168065	0.75
20968.81603637682	750	30.4727820312122	0.0	399894	2177.5580555803704	0.76156795	0.75
20971.730285430156	750	31.558532977874442	0.0	401853	2914.249053337761	0.90328074	0.75
20974.447500763883	750	32.841317644149996	0.0	343800	2717.215333724447	0.81447315	0.75
20976.332241882796	750	34.956576525236294	0.0	359903	1884.741118913704	0.7856579	0.75
20978.37336316588	750	36.915455242150365	0.0	379700	2041.1212830859208	1.1514566	0.75
20980.915595758488	750	38.373222649545845	0.0	425781	2542.23259260452	1.0427045	0.75
20983.796001547184	750	39.492816860848244	0.0	277716	2880.405788697603	1.1304817	0.75
20987.840400417655	750	39.44841799037662	0.0	400396	4044.398870471621	0.92787284	0.75
20991.530031988983	750	39.758786419052015	0.0	400508	3689.631571324608	0.87137556	0.75
20996.752238609806	750	38.536579798226626	0.0	358218	5222.2066208253855	0.9209486	0.75
21002.881191616463	750	36.407626791568816	0.0	400322	6128.953006657807	0.6431263	0.75
21007.553264997587	750	35.73555341044818	0.0	369834	4672.073381120632	0.57723296	0.75
21013.239231253498	750	34.049587154538685	0.0	412837	5685.9662559095	0.5823134	0.75
21018.660855846356	750	32.62796256168009	0.0	401088	5421.624592858589	0.44344383	0.75
21022.78990836158	750	32.49891004645484	0.0	365161	4129.052515225254	0.43320882	0.75
21026.77547218743	750	32.51334622060389	0.0	321064	3985.56382585095	0.7187885	0.75
21032.434388169993	750	30.854430238040692	0.0	361565	5658.915982563198	0.66393006	0.75
21038.165633636123	750	29.123184771909578	0.0	378327	5731.245466131114	0.44994497	0.75
21041.283816068648	750	30.005002339385157	0.0	390680	3118.182432524418	0.442106	0.75
21043.847966590067	750	31.44085181796761	0.0	345516	2564.1505214175477	0.97722596	0.75
21046.419342720554	750	32.86947568748043	0.0	384505	2571.3761304871828	1.1274368	0.75
21048.913796404664	750	34.37502200336947	0.0	372093	2494.4536841109593	1.3070586	0.75
21051.9925526555	750	35.29626575252908	0.0	438281	3078.756250840393	1.334842	0.75
21054.566463287956	750	36.72235512007602	0.0	398987	2573.9106324530585	1.4093392	0.75
21057.31056826636	750	37.97825014167306	0.0	393804	2744.104978402957	1.4637141	0.75
21064.723441974616	1850	34.565376433412574	0.0	830730	7412.873708260489	1.5305308	0.75
21071.144007028433	1850	32.14481137959538	0.0	846370	6420.565053817193	0.6151069	1.85

