9229.034298304172	750	4.0	2.005422751396268	450283	2005.4227513962683	0.41152823	-7.873317831003952
9231.268335826688	750	5.765962477485412	0.0	398865	2234.037522514588	0.5149798	0.75
9233.371024607508	750	7.663273696664623	0.0	350812	2102.6887808207885	0.45525652	0.75
9235.581685416018	750	9.452612888153697	0.0	382355	2210.6608085109256	0.41292778	0.75
9237.90014115013	750	11.134157154042203	0.0	411561	2318.4557341114946	0.5949968	0.75
9239.612649046498	750	13.421649257674977	0.0	318564	1712.507896367226	0.7135057	0.75
9241.691611429264	750	15.34268687491009	0.0	352642	2078.9623827648857	0.7408287	0.75
9244.166138171842	750	16.868160132330654	0.0	437162	2474.526742579435	0.5720591	0.75
9245.88528762995	750	19.149010674224325	0.0	374758	1719.1494581063273	0.8784088	0.75
9248.684522712518	750	20.349775591656204	0.0	362795	2799.2350825681206	0.86341983	0.75
9250.949728239862	750	22.08457006431217	0.0	353220	2265.205527344036	0.684906	0.75
9253.106776355435	750	23.92752194874061	0.0	405134	2157.048115571564	0.81636137	0.75
9254.812507646051	750	26.221790658124554	0.0	386351	1705.731290616053	0.79661065	0.75
9256.833895612961	750	28.200402691213533	0.0	434409	2021.3879669110195	0.89998806	0.75
9258.356649189172	750	30.677649115002424	0.0	337059	1522.753576211112	1.1069864	0.75
9260.209010060717	750	32.82528824345901	0.0	366214	1852.3608715434068	1.0416362	0.75
9261.710065870308	750	35.32423243386867	0.0	360831	1501.0558095903432	1.0264826	0.75
9263.404759470226	750	37.6295388339493	0.0	372963	1694.693599919372	1.2689822	0.75
9265.321553990458	750	39.712744313718005	0.0	405596	1916.7945202312974	1.1971301	0.75
9267.070416283415	750	41.9638820207604	0.0	350713	1748.8622929576024	1.2479311	0.75
9269.065830055262	750	43.9684682489129	0.0	386472	1995.4137718475015	1.3290937	0.75
9271.241305053902	750	45.79299325027563	0.0	399894	2175.474998637269	1.2937735	0.75
9273.530648363074	750	47.50364994110207	0.0	401853	2289.3433091735565	1.2662205	0.75
9275.588761334042	750	49.44553697013546	0.0	343800	2058.1129709666134	1.3073722	0.75
9277.708843040687	750	51.32545526348773	0.0	359903	2120.081706647724	1.2826262	0.75
9279.94739753639	750	53.08690076778389	0.0	379700	2238.5544957038405	1.327425	0.75
9282.697475376612	750	54.33682292756416	0.0	425781	2750.07784021973	1.280324	0.75
9286.970277578283	1850	54.064020725893464	0.0	758197	4272.802201670695	1.3058408	0.75
9293.699494648166	1850	51.33480365601022	0.0	972798	6729.217069883235	0.98601806	1.85
9305.535152709866	1850	43.49914559431073	0.0	975811	11835.658061699489	0.94709086	1.85
9315.508922535326	1850	37.525375768850516	0.0	873429	9973.769825460224	0.7310407	1.85
9323.421564177277	1850	33.612734126901124	0.0	954453	7912.6416419493935	0.71016806	1.85
9333.378628897979	1850	27.655669406198612	0.0	885062	9957.06472070251	0.84460664	1.85
9339.63844127225	1200	25.395857031929943	0.0	670129	6259.812374268669	0.78362375	0.5499999999999999
9345.892168858923	1200	23.142129445255964	0.0	690253	6253.72758667398	0.6162993	1.2
9353.54657635536	1200	19.487721948818617	0.0	598727	7654.407496437345	0.49805358	1.2
9363.02754762044	1200	14.006750683738842	0.0	487812	9480.971265079776	0.8024539	1.2
9371.59149121298	750	9.442807091200569	0.0	361565	8563.943592538271	1.0607336	0.3
9373.087946542006	300	11.946351762173348	0.0	144254	1496.455329027221	0.617998	-0.15000000000000002
9374.392045331166	300	14.642252973013804	0.0	149991	1304.0987891595455	0.7464685	0.3
9377.036785997447	750	15.997512306732103	0.0	345516	2644.7406662816998	1.330539	0.3
9379.99409311877	750	17.040205185408478	0.0	384505	2957.3071213236244	0.7420908	0.75
9382.566524114605	750	18.467774189572932	0.0	372093	2572.430995835548	0.95306194	0.75
9386.182671687577	750	18.85162661660076	0.0	438281	3616.1475729721687	1.1807852	0.75
9391.63792678806	1200	17.396371516117828	0.0	630203	5455.255100482938	0.96882594	0.75
9396.997429338784	1200	16.03686896539379	0.0	638661	5359.502550724037	0.5712536	1.2
9401.784832165578	1200	15.249466138599445	0.0	538612	4787.402826794344	0.86971354	1.2
9407.027729838312	1200	14.006568465865813	0.0	550906	5242.897672733631	0.83261436	1.2

