5420.908195893478	750	4.0	4.549356298858494	450283	4549.356298858494	0.040431533	-18.812232085091523
5422.395004969469	300	6.513190924009408	0.0	155580	1486.8090759905917	0.6381117	-0.15000000000000002
5423.31594793296	300	9.59224796051802	0.0	139857	920.942963491389	0.31714532	0.3
5424.472325579994	300	12.435870313484033	0.0	155432	1156.3776470339874	0.6801717	0.3
5425.768849047943	300	15.139346845534478	0.0	163442	1296.5234679495547	0.9685314	0.3
5426.811786419549	300	18.096409473928528	0.0	126289	1042.9373716059465	1.0324309	0.3
5427.983240319625	300	20.92495557385248	0.0	153295	1171.4539000760503	1.0781806	0.3
5429.492485092791	300	23.415710800687318	0.0	173849	1509.244773165163	0.8982034	0.3
5432.986332556789	750	23.92186333668861	0.0	374758	3493.847463998708	0.9878276	0.3
5436.2283911339255	750	24.679804759552585	0.0	362795	3242.0585771360224	0.38532844	0.75
5439.158443929202	750	25.749751964277	0.0	353220	2930.0527952755856	0.45374537	0.75
5442.759598270571	750	26.148597622907857	0.0	405134	3601.1543413691384	0.47647312	0.75
5446.15988107368	750	26.748314819799194	0.0	386351	3400.282803108664	0.34412023	0.75
5450.213361948283	750	26.69483394519634	0.0	434409	4053.4808746028534	0.35699853	0.75
5453.578540105569	750	27.32965578790955	0.0	337059	3365.178157286789	0.42095947	0.75
5457.9564796657505	750	26.951716227728095	0.0	366214	4377.939560181456	0.41938084	0.75
5461.914005376695	750	26.99419051678394	0.0	360831	3957.5257109441527	0.26518795	0.75
5465.132584744907	750	27.775611148571635	0.0	372963	3218.5793682123067	0.36641344	0.75
5468.76793454629	750	28.140261347189085	0.0	405596	3635.349801382553	0.4519919	0.75
5472.732667115602	750	28.175528777876796	0.0	350713	3964.7325693122875	0.36537278	0.75
5477.2085712440485	750	27.699624649430806	0.0	386472	4475.904128445991	0.40970647	0.75
5481.270025271506	750	27.63817062197354	0.0	399894	4061.4540274572673	0.3438785	0.75
5484.380787756135	750	28.527408137344974	0.0	401853	3110.7624846285667	0.40394858	0.75
5486.797432618377	750	30.110763275103	0.0	343800	2416.6448622419734	0.5736981	0.75
5489.378290953275	750	31.52990494020516	0.0	359903	2580.8583348978373	0.6809801	0.75
5492.45180609393	750	32.45638979954996	0.0	379700	3073.515140655205	0.7561706	0.75
5495.622396484327	750	33.28579940915328	0.0	425781	3170.5903903966814	0.6280665	0.75
5497.922215526744	750	34.98598036673524	0.0	277716	2299.819042418036	0.8574996	0.75
5500.814449791326	750	36.09374610215388	0.0	400396	2892.234264581359	0.91334504	0.75
5503.753925787888	750	37.15427010559219	0.0	400508	2939.4759965616904	0.85996276	0.75
5506.564315993446	750	38.34387990003402	0.0	358218	2810.3902055581693	0.9006804	0.75
5509.792630472242	750	39.115565421238436	0.0	400322	3228.314478795573	0.9301075	0.75
5513.330095839681	750	39.57810005379959	0.0	369834	3537.465367438857	0.9298599	0.75
5516.76573037993	750	40.1424655135509	0.0	412837	3435.6345402486845	0.7832507	0.75
5520.006210448571	750	40.901985444909066	0.0	401088	3240.4800686418353	0.87292325	0.75
5524.29680328058	750	40.61139261290031	0.0	365161	4290.592832008756	1.0026649	0.75
5530.318178558426	750	38.5900173350541	0.0	321064	6021.375277846208	0.8597998	0.75
5535.063379543315	750	37.84481635016561	0.0	361565	4745.200984888491	0.6236718	0.75
5540.329532097196	750	36.57866379628495	0.0	378327	5266.152553880663	0.7768471	0.75
5544.5996791008065	750	36.308516792673196	0.0	390680	4270.147003611749	0.6972505	0.75
5548.519684390408	750	36.388511503072486	0.0	345516	3920.0052896007146	0.80401576	0.75
5552.172225125648	750	36.73597076783265	0.0	384505	3652.540735239838	0.85098535	0.75
5555.079821190477	750	37.82837470300429	0.0	372093	2907.596064828354	1.0524738	0.75
5558.5733673664945	750	38.334828526985994	0.0	438281	3493.5461760183025	1.228678	0.75
5562.395176633352	750	38.51301926012788	0.0	398987	3821.8092668581126	1.283068	0.75
5566.4160316220505	750	38.49216427143025	0.0	393804	4020.8549886976252	1.1153253	0.75
5569.5889372939055	750	39.31925859957511	0.0	331053	3172.9056718551446	1.2613269	0.75
5573.3155971306305	750	39.592598762850415	0.0	314107	3726.6598367246943	1.2835125	0.75

