8059.648045394226	750	4.0	4.955564253110452	450283	4955.564253110451	0.51225996	-20.55892628837494
8062.749915591082	300	4.898129803144833	0.0	155580	3101.870196855167	0.56501627	-0.15000000000000002
8067.281984841552	300	4.366060552675044	0.0	139857	4532.06925046979	0.06585677	0.3
8071.74254291322	300	4.0	0.09449751899309194	155432	4460.558071668135	0.028924817	-0.10633933167029536
8075.945117321343	300	4.0	0.20257440812354435	163442	4202.574408123544	0.026838964	-0.5710699549312408
8078.506753801912	300	5.4383635194307365	0.0	126289	2561.6364805692638	0.039222598	0.3
8082.051502197521	300	5.893615123821788	0.0	153295	3544.7483956089477	0.030473737	0.3
8086.225845399887	300	5.719271921455934	0.0	173849	4174.343202365854	0.017315714	0.3
8089.939533402679	300	6.005583918662889	0.0	150710	3713.6880027930442	0.021356257	0.3
8094.609661690951	300	5.335455630391578	0.0	139105	4670.128288271311	0.02075595	0.3
8100.145356052092	300	4.0	0.20023873074991025	141840	5535.694361141488	0.016492967	-0.5610265422246141
8103.563699603967	300	4.5816564481259725	0.0	156148	3418.343551874027	0.012512084	0.3
8106.2137718719	300	5.931584180193429	0.0	160746	2650.0722679325436	0.0146810645	0.3
8108.390311608347	300	7.755044443746576	0.0	179801	2176.5397364468536	0.019076105	0.3
8110.505703577117	300	9.639652474976108	0.0	140051	2115.3919687704674	0.077380076	0.3
8113.124904172399	300	11.020451879694862	0.0	138313	2619.200595281248	0.06722505	0.3
8115.795166996461	300	12.350189055631322	0.0	143509	2670.2628240635395	0.08741948	0.3
8117.226090907368	300	14.919265144724124	0.0	150616	1430.9239109071982	0.11552991	0.3
8118.454176112492	300	17.691179939601383	0.0	165384	1228.0852051227403	0.35154665	0.3
8119.550800492199	300	20.594555559893635	0.0	140881	1096.6243797077523	0.91536474	0.3
8121.208027639848	300	22.93732841224439	0.0	157671	1657.2271476492424	1.0206944	0.3
8122.735455886852	300	25.409900165240742	0.0	157812	1527.428247003648	0.95820504	0.3
8124.093653170392	300	28.051702881701104	0.0	163927	1358.1972835396361	1.0606507	0.3
8127.456195132699	750	28.689160919393935	0.0	343800	3362.5419623071734	1.2837216	0.3
8130.721240296697	750	29.424115755395352	0.0	359903	3265.0451639985786	0.503578	0.75
8133.3990830044595	750	30.74627304763286	0.0	379700	2677.8427077624906	0.6872393	0.75
8143.249574200262	750	24.895781851830368	0.0	425781	9850.491195802493	0.7900888	0.75
8149.740770422644	750	22.40458562944837	0.0	277716	6491.196222381997	0.51456386	0.75
8157.44036023582	750	18.704995816272753	0.0	400396	7699.5898131756185	0.55585533	0.75
8162.456597288186	750	17.688758763906357	0.0	400508	5016.237052366397	0.61836773	0.75
8166.241625615345	750	17.90373043674767	0.0	358218	3785.028327158691	0.37091342	0.75
8170.9891575969295	750	17.156198455162297	0.0	400322	4747.531981585374	0.4747756	0.75
8173.6992803617995	750	18.44607569029265	0.0	369834	2710.1227648696477	0.3897056	0.75
8176.311611163895	750	19.833744888197682	0.0	412837	2612.330802094964	0.5979526	0.75
8179.226288828333	750	20.91906722375936	0.0	401088	2914.6776644383203	0.8791712	0.75
8181.773927256598	750	22.37142879549455	0.0	365161	2547.638428264814	0.7600643	0.75
8185.4519346616225	750	22.693421390470156	0.0	321064	3678.0074050243907	1.133	0.75
8190.850126796623	750	21.29522925546922	0.0	361565	5398.192135000936	0.63908005	0.75
8193.2682194518	750	22.877136600292275	0.0	378327	2418.0926551769476	0.8003737	0.75
8195.711313563013	750	24.43404248907939	0.0	390680	2443.0941112128858	1.009946	0.75
8197.515930342224	750	26.62942570986726	0.0	345516	1804.6167792121275	1.1090767	0.75
8199.711719311463	750	28.433636740629282	0.0	384505	2195.788969237978	1.2686763	0.75
8202.406395827269	750	29.738960224823597	0.0	372093	2694.676515805686	1.3600187	0.75
8205.65552473461	750	30.48983131748271	0.0	438281	3249.128907340883	1.282185	0.75
8210.127278991184	1200	30.018077060908	0.0	630203	4471.7542565747135	1.3226178	0.75
8214.384383084927	1200	29.760972967163763	0.0	638661	4257.1040937442385	0.9563066	1.2
8219.329275834873	1850	28.81608021721936	0.0	830730	4944.892749944403	1.2170895	1.2000000000000002
8231.36519427847	1850	20.780161773621884	0.0	846370	12035.918443597475	0.6441455	1.85

