524.1854463686656	750	4.0	1.9602828539084163	450283	1960.2828539084162	1.2695773	-7.67921627180619
526.370134487432	750	5.815311881233627	0.0	398865	2184.6881187663726	0.52894163	0.75
527.9316456818104	750	8.253800686855161	0.0	350812	1561.5111943784655	0.47448996	0.75
529.3720808812637	750	10.813365487401867	0.0	382355	1440.4351994532958	0.60784894	0.75
531.1477366388286	750	13.037709729836955	0.0	411561	1775.655757564912	1.0373275	0.75
533.4386863886317	1200	14.746759980033875	0.0	520315	2290.9497498030787	1.0074273	0.75
536.5140131150582	1200	15.671433253607429	0.0	561791	3075.326726426446	0.5625494	1.2
538.8348400066129	1200	17.350606362052627	0.0	709534	2320.826891554802	0.25907493	1.2
540.916868564424	1200	19.268577804241627	0.0	584846	2082.0285578109974	0.76183623	1.2
543.8903552841575	1200	20.2950910845081	0.0	560821	2973.4867197335275	0.7286479	1.2
548.6627252805886	1200	19.52272108807706	0.0	607410	4772.369996431044	0.49302372	1.2
553.8240763365084	1200	18.361370032157335	0.0	594078	5161.351055919724	0.3295056	1.2
558.7621944731419	1200	17.42325189552382	0.0	624282	4938.118136633516	0.20506044	1.2
564.4042451103937	1200	15.78120125827198	0.0	687371	5642.050637251839	0.23226742	1.2
569.6824415961535	1200	14.503004772512321	0.0	526950	5278.196485759659	0.47249955	1.2
573.8545659075143	1200	14.330880461151457	0.0	587876	4172.124311360866	0.561956	1.2
577.4615054112214	1200	14.7239409574443	0.0	617242	3606.939503707157	0.48863837	1.2
579.8871202036308	1200	16.29832616503487	0.0	581493	2425.614792409429	0.2938284	1.2
583.0829641263325	1200	17.10248224233317	0.0	639204	3195.843922701697	0.36059648	1.2
585.6195717240181	1200	18.56587464464758	0.0	586839	2536.6075976855927	0.4798603	1.2
588.6960494029391	1200	19.48939696572646	0.0	601738	3076.4776789211155	0.5318054	1.2
592.1550662407524	1200	20.030380127913283	0.0	616206	3459.0168378131793	0.39113265	1.2
595.4976834939154	1200	20.687762874750256	0.0	656471	3342.617253163026	0.32737958	1.2
598.716579054261	1200	21.468867314404488	0.0	536667	3218.89556034577	0.6421827	1.2
601.4192268292202	1200	22.76621953944536	0.0	587236	2702.647774959127	0.5166069	1.2
603.8731884453135	1200	24.312257923352057	0.0	590335	2453.9616160933037	0.66927886	1.2
607.1726072455442	1200	25.01283912312134	0.0	696376	3299.4188002307155	0.69952106	1.2
610.545728802033	1850	25.639717566632502	0.0	758197	3373.121556488838	0.9579801	1.2000000000000002
616.6871158818824	1850	23.498330486783082	0.0	972798	6141.387079849421	0.38024673	1.85
621.752993433991	1850	22.43245293467451	0.0	975811	5065.877552108571	0.38071	1.85
625.1377936667132	1850	23.047652701952273	0.0	873429	3384.8002327222375	0.38151553	1.85
628.7937251466386	1850	23.39172122202692	0.0	954453	3655.9314799253534	0.4300923	1.85
631.4942592757261	1850	24.691187092939348	0.0	885062	2700.534129087575	0.38532704	1.85
635.021427873652	1850	25.164018495013604	0.0	1035329	3527.168597925746	0.41877326	1.85
639.4289522834019	1850	24.756494085263647	0.0	1026056	4407.524409749955	0.4147541	1.85
642.6715707792822	1850	25.513875589383428	0.0	943942	3242.618495880219	0.4342744	1.85
643.844108916976	1850	28.34133745168965	0.0	728962	1172.538137693775	0.7056158	1.85
649.2339454073142	4300	26.951500961351442	0.0	2147467	5389.83649033821	0.98377377	1.8499999999999996
655.0001439965633	4300	25.18530237210228	0.0	2133870	5766.19858924916	0.14168678	4.3
660.912037410912	4300	23.273408957753674	0.0	2146120	5911.8934143486085	0.118345425	4.3
665.9044380488069	4300	22.281008319858728	0.0	2108491	4992.400637894946	0.16794045	4.3
671.0066749481381	4300	21.17877142052758	0.0	2184571	5102.236899331148	0.15315863	4.3
676.3435776143442	4300	19.84186875432141	0.0	2121928	5336.902666206166	0.14372493	4.3
683.1551201587035	4300	17.030326209962066	0.0	2219102	6811.542544359345	0.1971256	4.3
689.2996553152735	4300	14.885791053392015	0.0	2124950	6144.535156570052	0.28371054	4.3
699.3900005793438	4300	8.795445789321866	0.0	2246506	10090.345264070149	0.6171435	4.3
706.8442256076253	4300	5.341220761040293	0.0	1961140	7454.225028281573	1.1778506	4.3
712.6393316937349	2850	4.0	0.45388532506929	1364537	5795.106086109583	1.3578901	-0.5517068977979469

