13071.548010324876	750	4.0	6.579692689023528	450283	6579.692689023527	0.9198464	-27.542678562801168
13072.534798241024	300	7.013212083850239	0.0	155580	986.7879161497615	0.3218375	-0.15000000000000002
13074.482984293132	300	9.065026031742615	0.0	139857	1948.1860521076244	0.7912467	0.3
13078.489108058886	300	9.058902265989714	0.0	155432	4006.1237657529027	0.16541687	0.3
13082.582654611551	300	8.965355713323753	0.0	163442	4093.546552665962	0.12688097	0.3
13084.691225800489	300	10.856784524387702	0.0	126289	2108.57118893605	0.19631733	0.3
13086.867505676104	300	12.680504648772505	0.0	153295	2176.2798756151965	0.16687757	0.3
13090.281298616532	300	13.26671170834403	0.0	173849	3413.7929404284755	0.1239076	0.3
13093.135264442013	300	14.412745882862826	0.0	150710	2853.965825481205	0.1492668	0.3
13095.67085046384	300	15.877159861034803	0.0	139105	2535.5860218280227	0.18304536	0.3
13097.173383358553	300	18.374626966323696	0.0	141840	1502.5328947111045	0.102960035	0.3
13098.398098870874	300	21.149911454003995	0.0	156148	1224.7155123197024	0.2146271	0.3
13099.604571450109	300	23.943438874768944	0.0	160746	1206.4725792350514	0.72687787	0.3
13100.757778320038	300	26.790232004841215	0.0	179801	1153.2068699277306	0.86270463	0.3
13102.695108901948	750	28.852901422931055	0.0	337059	1937.3305819101586	1.2937145	0.3
13105.288533631568	750	30.25947669331002	0.0	366214	2593.4247296210337	0.8384698	0.75
13107.702720783713	750	31.845289541166498	0.0	360831	2414.187152143524	0.6395706	0.75
13109.965768521955	750	33.582241802922965	0.0	372963	2263.0477382435292	0.8268325	0.75
13112.185278910772	750	35.36273141410519	0.0	405596	2219.5103888177778	0.87891066	0.75
13114.35852554047	750	37.189484784406204	0.0	350713	2173.2466296989865	1.0149493	0.75
13118.047124770877	750	37.5008855540003	0.0	386472	3688.5992304059055	1.0211978	0.75
13120.287080686565	750	39.260929638313044	0.0	399894	2239.955915687254	0.7494624	0.75
13123.5518081905	750	39.996202134379104	0.0	401853	3264.727503933935	1.0798626	0.75
13126.206289811807	750	41.341720513070996	0.0	343800	2654.4816213081044	0.8535147	0.75
13128.13068388739	750	43.41732643748678	0.0	359903	1924.3940755842218	0.9295939	0.75
13129.86282933111	750	45.68518099376626	0.0	379700	1732.1454437205173	1.2604389	0.75
13131.744733742584	750	47.80327658229379	0.0	425781	1881.9044114724727	1.2896109	0.75
13135.156470672424	1850	48.391539652454	0.0	758197	3411.736929839791	1.2016817	0.75
13138.939296880386	1850	48.608713444490114	0.0	972798	3782.8262079638803	0.91945046	1.85
13143.227759377012	1850	48.32025094786557	0.0	975811	4288.462496624547	0.93012583	1.85
13148.243909280964	1850	47.30410104391392	0.0	873429	5016.149903951658	0.90577835	1.85
13154.123611603329	1850	45.424398721548435	0.0	954453	5879.70232236548	0.87771887	1.85
13159.586107205418	1850	43.96190311946108	0.0	885062	5462.495602087355	0.8247228	1.85
13174.659767812658	1850	32.88824251221969	0.0	1035329	15073.660607241389	0.8126902	1.85
13200.117423329018	1850	11.43058699586042	0.0	1026056	25457.655516359267	0.65988815	1.85
13203.171469833449	300	12.376540491430376	0.0	159914	3054.046504430043	0.23588331	-1.25
13204.583188281083	300	14.964822043795142	0.0	131610	1411.7184476352331	0.58148634	0.3
13205.41682748798	300	18.13118283689973	0.0	124011	833.6392068954144	0.4630502	0.3
13209.951653968288	1850	17.596356356590682	0.0	908665	4534.826480309051	1.3882084	0.30000000000000004
13220.716478647213	1850	10.831531677664419	0.0	930577	10764.824678926261	0.75661653	1.85
13224.413005726852	750	11.135004598027198	0.0	345516	3696.5270796372224	1.1427835	-0.3500000000000001
13228.78943373641	1200	10.758576588468577	0.0	641452	4376.42800955862	0.72538537	0.75
13233.674866313277	1200	9.873144011601521	0.0	599477	4885.432576867056	0.75549924	1.2
13237.441681403061	1200	10.10632892181615	0.0	634861	3766.815089785372	0.564319	1.2
13240.400636445222	1200	11.14737387965579	0.0	630203	2958.95504216036	0.7927494	1.2
13243.63277555145	1200	11.915234773428287	0.0	638661	3232.1391062275034	0.841393	1.2
13247.769488872256	1850	11.778521452620893	0.0	830730	4136.713320807394	0.8944407	1.2000000000000002
13251.573094539039	1850	11.974915785837739	0.0	846370	3803.605666783155	0.36338222	1.85

