1589.2218267946764	750	4.0	2.600378850967279	450283	2600.378850967279	0.37056184	-10.431629059159299
1591.1759122323765	750	6.045914562300093	0.0	398865	1954.0854376999066	0.53137285	0.75
1593.0407793495538	750	8.181047445122672	0.0	350812	1864.86711717742	0.56254804	0.75
1595.7560320220375	750	9.465794772638933	0.0	382355	2715.2526724837385	0.49154362	0.75
1598.8151740858339	750	10.406652708842687	0.0	411561	3059.142063796247	0.47650573	0.75
1602.30183233608	750	10.919994458596554	0.0	318564	3486.6582502461342	0.62673104	0.75
1604.6556635701488	750	12.56616322452772	0.0	352642	2353.831234068834	0.43862453	0.75
1608.6560407788568	750	12.565786015819768	0.0	437162	4000.3772087079524	0.44072104	0.75
1612.617047536117	750	12.604779258559397	0.0	374758	3961.0067572603703	0.53763163	0.75
1615.2822446485268	750	13.939582146149476	0.0	362795	2665.1971124099205	0.43336233	0.75
1618.1851767633163	750	15.036650031359958	0.0	353220	2902.9321147895184	0.32815698	0.75
1621.3850329995428	750	15.836793795133628	0.0	405134	3199.8562362263287	0.35251272	0.75
1624.1902433625676	750	17.031583432108746	0.0	386351	2805.210363024884	0.32977685	0.75
1629.8069471197766	750	15.41487967489982	0.0	434409	5616.703757208926	0.30345196	0.75
1637.4652357908076	750	11.756591003868998	0.0	337059	7658.288671030822	0.5656627	0.75
1641.5263626625795	750	11.695464132097134	0.0	366214	4061.126871771862	0.76694936	0.75
1644.991848742583	750	12.229978052093523	0.0	360831	3465.4860800036117	0.39998186	0.75
1650.4486533148595	750	10.773173479817212	0.0	372963	5456.804572276312	0.38312802	0.75
1653.7424647693056	750	11.47936202537102	0.0	405596	3293.811454446191	0.7127663	0.75
1656.0467177338767	750	13.175109060799805	0.0	350713	2304.2529645712148	0.30344793	0.75
1658.1783391715592	750	15.04348762311745	0.0	386472	2131.6214376823546	0.4500831	0.75
1660.5149357225498	750	16.70689107212663	0.0	399894	2336.596550990819	0.5467108	0.75
1663.3602040252522	750	17.86162276942417	0.0	401853	2845.2683027024596	0.61276203	0.75
1666.6524686847679	750	18.569358109908553	0.0	343800	3292.2646595156148	0.65133756	0.75
1669.5753710266415	750	19.64645576803483	0.0	359903	2922.9023418737247	0.5639948	0.75
1672.2336633485424	750	20.98816344613367	0.0	379700	2658.2923219011604	0.6349994	0.75
1674.7082975971755	750	22.513529197500798	0.0	425781	2474.634248632872	0.57943666	0.75
1676.282837664538	750	24.938989130138296	0.0	277716	1574.5400673625024	1.0542594	0.75
1678.350125434929	750	26.871701359747284	0.0	400396	2067.287770391011	0.9695861	0.75
1681.041855588216	750	28.179971206460323	0.0	400508	2691.7301532869606	1.0611796	0.75
1683.5401267817203	750	29.681700012956025	0.0	358218	2498.2711935042967	0.9946612	0.75
1686.078800902972	750	31.14302589170438	0.0	400322	2538.6741212516467	1.0069079	0.75
1688.3643186297224	750	32.85750816495415	0.0	369834	2285.5177267502318	1.0961144	0.75
1690.9584827304125	750	34.26334406426403	0.0	412837	2594.1641006901154	1.0455055	0.75
1694.4884482695354	750	34.733378525141134	0.0	401088	3529.9655391229035	1.0988283	0.75
1696.9815842544265	750	36.24024254024992	0.0	365161	2493.1359848912075	1.0532353	0.75
1698.060458364322	750	39.16136843035447	0.0	321064	1078.8741098954524	1.2890791	0.75
1705.3182475514977	1850	35.903579243178555	0.0	938587	7257.789187175919	1.379074	0.75
1712.9528068980603	1850	32.26901989661605	0.0	908665	7634.559346562501	0.6259798	1.85
1718.4151259005314	1850	30.806700894144953	0.0	930577	5462.319002471098	0.5726804	1.85
1722.4087223261731	1850	30.813104468503113	0.0	858450	3993.59642564184	0.6229928	1.85
1727.1737985797265	1850	30.048028214949813	0.0	1025005	4765.0762535533	0.5844805	1.85
1730.800914434482	1850	30.42091236019448	0.0	886255	3627.115854755331	0.5347371	1.85
1734.4934438676505	1850	30.728382927025752	0.0	973972	3692.5294331687287	0.5544269	1.85
1737.9311207753155	1850	31.290706019360982	0.0	958994	3437.6769076647674	0.5736028	1.85
1741.1388834038803	1850	32.082943390796096	0.0	982064	3207.7626285648844	0.5756453	1.85
1743.839941712743	1850	33.38188508193349	0.0	830730	2701.058308862606	0.8458839	1.85
1746.9210234103455	1850	34.300803384330955	0.0	846370	3081.08169760254	0.74002326	1.85

