21075.999124652084	750	4.0	4.8551176236478435	450283	4855.117623647843	0.56191194	-20.127005781685725
21077.496336753098	300	6.502787898988277	0.0	155580	1497.2121010117223	0.5831986	-0.15000000000000002
21078.783641737937	300	9.215482914147731	0.0	139857	1287.3049848405465	0.29591286	0.3
21080.00296739676	300	11.996157255325587	0.0	155432	1219.3256588221457	0.29558167	0.3
21081.160504092582	300	14.83862055950185	0.0	163442	1157.5366958237378	0.8310616	0.3
21083.19346245444	750	16.805662197642242	0.0	318564	2032.9583618596057	1.0634744	0.3
21085.45157095385	750	18.54755369823278	0.0	352642	2258.1084994094626	0.5980922	0.75
21088.012336696152	750	19.986787955929337	0.0	437162	2560.7657423034425	0.4458581	0.75
21090.661448567243	750	21.337676084834165	0.0	374758	2649.111871095171	0.4636204	0.75
21093.204976162644	750	22.794148489436893	0.0	362795	2543.5275953972728	0.45530817	0.75
21095.0121087516	750	24.987015900478482	0.0	353220	1807.1325889584084	0.51056415	0.75
21096.953818770322	750	27.04530588175704	0.0	405134	1941.7100187214435	0.7873267	0.75
21099.183451812893	750	28.815672839185595	0.0	386351	2229.633042571448	0.7854693	0.75
21102.81305492143	750	29.186069730649482	0.0	434409	3629.603108536113	0.699117	0.75
21105.442677946274	750	30.556446705806838	0.0	337059	2629.6230248426423	0.83739465	0.75
21108.14045346673	750	31.858671185346875	0.0	366214	2697.775520459965	0.7360956	0.75
21110.615578880344	750	33.38354577173556	0.0	360831	2475.125413611312	0.7220874	0.75
21113.790362727214	750	34.20876192486449	0.0	372963	3174.783846871069	0.74987733	0.75
21116.664430972636	750	35.33469367944327	0.0	405596	2874.0682454212256	0.622745	0.75
21120.19262126194	750	35.80650339013881	0.0	350713	3528.1902893044607	0.779861	0.75
21123.270261122972	750	36.7288635291063	0.0	386472	3077.6398610325086	0.6957632	0.75
21126.12355961172	750	37.87556504035742	0.0	399894	2853.298488748872	0.700212	0.75
21128.47325729399	750	39.52586735808409	0.0	401853	2349.6976822733345	0.78612053	0.75
21131.041199755244	750	40.957924896832814	0.0	343800	2567.9424612512776	1.0002493	0.75
21133.813040243047	750	42.186084409030045	0.0	359903	2771.8404878027736	0.89122105	0.75
21136.533377697022	750	43.465746955056375	0.0	379700	2720.337453973669	0.9113875	0.75
21139.022966170596	750	44.97615848147966	0.0	425781	2489.5884735767168	0.9431788	0.75
21140.78814384124	750	47.21098081083703	0.0	277716	1765.1776706426308	1.2164686	0.75
21144.37895541536	750	47.62016923671881	0.0	400396	3590.8115741182196	1.2277099	0.75
21148.254819503927	750	47.74430514815188	0.0	400508	3875.8640885669324	0.9132297	0.75
21152.027383172557	750	47.971741479520844	0.0	358218	3772.5636686310327	0.97705203	0.75
21156.405673320034	750	47.59345133204656	0.0	400322	4378.290147474285	0.9588211	0.75
21158.568567477727	750	49.430557174352046	0.0	369834	2162.8941576945135	0.8497213	0.75
21161.0111425566	750	50.98798209547907	0.0	412837	2442.5750788729774	1.3088115	0.75
21163.342583849175	750	52.65654080290457	0.0	401088	2331.441292574495	1.330894	0.75
21168.742374569316	1850	51.25675008276227	0.0	943942	5399.790720142309	1.3863198	0.75
21173.128861284942	1850	50.87026336713504	0.0	728962	4386.486715627224	0.96966076	1.85
21180.43205859523	1850	47.56706605684721	0.0	938587	7303.197310287829	0.9420975	1.85
21190.936929425723	1850	41.062195226350845	0.0	908665	10504.870830496367	0.8639157	1.85
21201.557315582206	1850	34.44180906986979	0.0	930577	10620.386156481052	0.70256805	1.85
21209.094619080162	1850	30.904505571911905	0.0	858450	7537.303497957888	0.8511301	1.85
21218.84642493196	1850	25.152699720116185	0.0	1025005	9751.805851795718	0.87591904	1.85
21236.829094049106	1850	11.17003060296758	0.0	886255	17982.669117148605	0.9067496	1.85
21240.05448201004	300	11.944642642034223	0.0	172312	3225.387960933358	0.4660833	-1.25
21243.916913024157	300	12.082211627917697	0.0	167025	3862.431014116526	0.4775838	0.3
21248.417551224607	300	11.581573427466239	0.0	160064	4500.638200451458	0.20239832	0.3
21252.819212944873	300	11.17991170720151	0.0	137507	4401.661720264729	0.596164	0.3
21257.008061674307	300	10.991062977766514	0.0	118421	4188.848729434996	0.34827793	0.3

