8889.460918331628	750	4.0	2.287148895543779	450283	2287.148895543779	0.36866567	-9.084740250838248
8891.878770079371	750	5.582148252258925	0.0	398865	2417.8517477410755	0.489752	0.75
8893.727722703408	750	7.733195628221291	0.0	350812	1848.9526240376335	0.39427084	0.75
8895.726795571436	750	9.734122760194085	0.0	382355	1999.072868027208	0.4628785	0.75
8897.661727126171	750	11.79919120545749	0.0	411561	1934.9315547365961	0.66207165	0.75
8899.300148235572	750	14.160770096056668	0.0	318564	1638.4211094008222	0.84633076	0.75
8901.099248532762	750	16.361669798866714	0.0	352642	1799.100297189954	0.85719645	0.75
8904.881848033563	750	16.579070298067965	0.0	437162	3782.5995007987494	0.7241106	0.75
8908.666827008365	750	16.794091323266453	0.0	374758	3784.9789748015096	0.8424904	0.75
8914.227316948633	750	15.233601382998467	0.0	362795	5560.489940267986	0.6459701	0.75
8920.3494170309	750	13.111501300728891	0.0	353220	6122.100082269576	0.6129821	0.75
8930.123754496859	750	7.337163834769421	0.0	405134	9774.33746595947	0.7459552	0.75
8932.893035343626	300	8.567882988003069	0.0	160746	2769.2808467663517	0.4854437	-0.15000000000000002
8935.78692231017	300	9.673996021458903	0.0	179801	2893.886966544165	0.11050886	0.3
8938.021250740245	300	11.439667591383586	0.0	140051	2234.328430075317	0.10955372	0.3
8939.897110898819	300	13.563807432809217	0.0	138313	1875.8601585743693	0.09574338	0.3
8941.942067753549	300	15.518850578078757	0.0	143509	2044.9568547304602	0.14022131	0.3
8943.76673781637	300	17.694180515259454	0.0	150616	1824.670062819301	0.145812	0.3
8946.085275141411	300	19.375643190218035	0.0	165384	2318.5373250414214	0.28912568	0.3
8947.863024875443	300	21.597893456185957	0.0	140881	1777.7497340320758	0.33966818	0.3
8949.898501638005	300	23.562416693624442	0.0	157671	2035.4767625615116	0.47114044	0.3
8953.887721892374	300	23.573196439255042	0.0	157812	3989.220254369401	0.534653	0.3
8956.870824006044	300	24.590094325585515	0.0	163927	2983.102113669526	0.39384267	0.3
8960.498137405806	300	24.962780925823274	0.0	137654	3627.313399762244	0.5044005	0.3
8963.897950111663	300	25.562968219965036	0.0	146754	3399.8127058582345	0.32404885	0.3
8966.980237379805	300	26.480680951823402	0.0	153938	3082.287268141636	0.27731708	0.3
8971.061603578995	300	26.399314752632126	0.0	181901	4081.366199191275	0.22053942	0.3
8973.97517993013	300	27.48573840149751	0.0	111155	2913.5763511346177	0.36475116	0.3
8977.71679207297	300	27.744126258656614	0.0	153605	3741.6121428408965	0.13587467	0.3
8980.49281471427	300	28.968103617356707	0.0	149029	2776.022641299907	0.13068163	0.3
8982.203022888025	300	31.25789544360184	0.0	157421	1710.208173754869	0.28870398	0.3
8983.629995565738	300	33.83092276588775	0.0	157488	1426.9726777140845	0.8054196	0.3
8984.900415399816	300	36.56050293181051	0.0	143881	1270.4198340772382	1.3765203	0.3
8987.87837092044	750	37.58254741118546	0.0	412837	2977.9555206250525	1.455016	0.3
8990.600926038695	750	38.85999229293127	0.0	401088	2722.5551182541885	1.1210357	0.75
8992.948407550026	750	40.512510781599985	0.0	365161	2347.481511331282	1.2296212	0.75
8997.253736231307	1850	40.20718210031872	0.0	728962	4305.3286812812685	1.3558431	0.75
9003.37605708541	1850	38.08486124621573	0.0	938587	6122.320854102991	0.82696325	1.85
9011.207969969451	1850	34.25294836217377	0.0	908665	7831.912884041964	0.83830523	1.85
9021.179586804787	1850	28.281331526839054	0.0	930577	9971.616835334713	0.6533477	1.85
9028.083290840528	1850	25.377627491096654	0.0	858450	6903.7040357424	0.7943608	1.85
9038.007618295658	1850	19.453300035967484	0.0	1025005	9924.32745512917	0.8180665	1.85
9052.670875895408	1850	8.790042436216098	0.0	886255	14663.257599751387	1.0141132	1.85
9055.949514099008	300	9.511404232617084	0.0	172312	3278.638203599013	0.7838483	-1.25
9059.279150690261	300	10.18176764136415	0.0	167025	3329.636591252934	0.40782776	0.3
9062.599018525314	300	10.861899806312145	0.0	160064	3319.8678350520036	0.24890867	0.3
9064.063214523829	300	13.397703807796212	0.0	137507	1464.1959985159335	0.72026896	0.3
9070.001150187105	1850	11.459768144520298	0.0	846370	5937.9356632759145	1.3178232	0.30000000000000004

