10294.702816769797	750	4.0	1.7282306058808998	450283	1728.2306058809	0.67970276	-6.681391605287869
10296.497009054316	750	6.205807715481606	0.0	398865	1794.1922845183947	0.6379747	0.75
10298.248053209978	750	8.454763559820275	0.0	350812	1751.0441556613293	0.687444	0.75
10299.906186475208	750	10.796630294589859	0.0	382355	1658.1332652304168	0.5612249	0.75
10301.695670577832	750	13.007146191966463	0.0	411561	1789.4841026233955	0.9844914	0.75
10303.243022791114	1200	15.459793978683564	0.0	520315	1547.3522132829005	0.9501641	0.75
10304.412527275379	1200	18.290289494417987	0.0	561791	1169.5044842655755	0.8360032	1.2
10305.741039818864	1200	20.961776950933686	0.0	709534	1328.512543484298	1.0056641	1.2
10307.594988839774	1850	23.107827930025337	0.0	852833	1853.9490209083478	1.0710181	1.2000000000000002
10309.685614581864	1850	25.017202187934277	0.0	913888	2090.6257420910633	0.7780008	1.85
10311.764736865263	1850	26.938079904535595	0.0	939819	2079.1222833986776	0.87476695	1.85
10314.877920392588	2850	27.824896377211772	0.0	1519951	3113.183527323823	0.8990157	1.85
10317.539628985289	2850	29.16318778450968	0.0	1422919	2661.7085927020908	0.35634363	2.85
10320.47957044061	2850	30.223246329189635	0.0	1578343	2939.9414553200477	0.4827818	2.85
10322.97277025031	2850	31.73004651949006	0.0	1231445	2493.199809699572	0.70215	2.85
10326.153567567508	2850	32.54924920229163	0.0	1471065	3180.797317198434	0.6596622	2.85
10329.708453843723	2850	32.99436292607657	0.0	1491626	3554.886276215062	0.48890948	2.85
10333.50916086115	2850	33.1936559086497	0.0	1358801	3800.707017426864	0.6203258	2.85
10337.31949209279	2850	33.38332467700833	0.0	1537156	3810.3312316413694	0.49172324	2.85
10340.745599163456	2850	33.95721760634309	0.0	1336050	3426.107070665243	0.47561544	2.85
10345.15742682187	2850	33.545389947929124	0.0	1415116	4411.827658413976	0.5188495	2.85
10348.757543496004	2850	33.94527327379622	0.0	1468126	3600.116674132899	0.30372015	2.85
10352.261761069805	2850	34.44105569999604	0.0	1505760	3504.217573800186	0.30092168	2.85
10355.614337693034	2850	35.088479076767165	0.0	1323990	3352.576623228872	0.39495346	2.85
10361.504171281038	2850	33.198645488763084	0.0	1383735	5889.833588004082	0.3713826	2.85
10365.783558336532	2850	32.91925843326926	0.0	1480464	4279.3870554938185	0.2694456	2.85
10369.317714378652	2850	33.385102391147925	0.0	1547572	3534.156042121335	0.23987852	2.85
10371.90960111695	2850	34.793215652851615	0.0	1141971	2591.886738296313	0.4019991	2.85
10374.956246011749	2850	35.74657075805232	0.0	1498470	3046.6448947992903	0.6567883	2.85
10378.148114334026	2850	36.554702435774274	0.0	1561263	3191.8683222780437	0.7388301	2.85
10380.983005409476	2850	37.719811360323945	0.0	1341201	2834.8910754503313	0.7440496	2.85
10384.844668024984	2850	37.858148744817385	0.0	1497683	3861.6626155065605	0.7515519	2.85
10388.928958261125	2850	37.77385850867577	0.0	1358081	4084.290236141616	0.7486073	2.85
10393.475665055534	2850	37.227151714266455	0.0	1587293	4546.706794409321	0.67455035	2.85
10396.691327647763	2850	38.01148912203708	0.0	1492672	3215.6625922293783	0.6049723	2.85
10402.388500391931	4300	36.31431637786713	0.0	2143948	5697.172744169951	0.71350944	2.8499999999999996
10408.129830349259	4300	34.57298642054077	0.0	1919781	5741.329957326358	0.060698226	4.3
10417.506120649407	4300	29.196696120394005	0.0	2147467	9376.290300146768	0.13025248	4.3
10425.920110537454	4300	24.782706232345955	0.0	2133870	8413.989888048049	0.27126744	4.3
10431.271903652523	4300	23.43091311727824	0.0	2146120	5351.793115067715	0.42666486	4.3
10446.185353731315	4300	12.517463038486843	0.0	2108491	14913.450078791397	0.34667376	4.3
10451.044728338315	1850	11.658088431486908	0.0	1025005	4859.374606999937	1.358849	-0.6000000000000001
10454.959117061617	1850	11.743699708184735	0.0	886255	3914.388723302172	0.85434926	1.85
10457.826580473165	1850	12.8762362966361	0.0	973972	2867.463411548636	0.87780654	1.85
10459.63522577932	1850	15.067590990481602	0.0	958994	1808.6453061544978	0.6984232	1.85
10461.765096232682	1850	16.93772053711975	0.0	982064	2129.870453361853	0.5998569	1.85
10466.03781413736	4300	16.66500263244142	0.0	1961140	4272.717904678326	0.85713995	1.8499999999999996
10470.18155656621	4300	16.521260203592057	0.0	2155012	4143.742428849362	0.20026039	4.3

