14280.500567492269	750	4.0	7.571061952176263	450283	7571.061952176264	1.2912927	-31.805566394357932
14282.48036191543	300	6.020205576839139	0.0	155580	1979.794423160861	0.22912978	-0.15000000000000002
14283.573373896743	300	8.927193595526365	0.0	139857	1093.0119813127735	0.09935579	0.3
14284.50456488279	300	11.996002609478529	0.0	155432	931.1909860478366	0.33145693	0.3
14286.009057704818	300	14.491509787451928	0.0	163442	1504.4928220266	1.112584	0.3
14287.263129804125	300	17.23743768814388	0.0	126289	1254.0720993080495	0.8839556	0.3
14288.56018384089	300	19.940383651380355	0.0	153295	1297.0540367635265	0.9555078	0.3
14289.78278231018	300	22.717785182090168	0.0	173849	1222.5984692901864	0.73796433	0.3
14292.61395347128	750	23.886614020989427	0.0	374758	2831.1711611007427	1.0957289	0.3
14295.214799788955	750	25.285767703314317	0.0	362795	2600.8463176751115	0.37848458	0.75
14297.570120963968	750	26.930446528302305	0.0	353220	2355.3211750120104	0.5397708	0.75
14302.67756368342	750	25.82300380885062	0.0	405134	5107.442719451685	0.6582566	0.75
14308.94674110031	750	23.553826391961877	0.0	386351	6269.177416888741	0.39150074	0.75
14319.899929229714	750	16.60063826255752	0.0	434409	10953.188129404354	0.3936376	0.75
14324.607980720797	750	15.892586771474784	0.0	337059	4708.051491082738	0.7789478	0.75
14327.493552728503	750	17.007014763768897	0.0	366214	2885.5720077058872	0.45523927	0.75
14330.361574029446	750	18.13899346282663	0.0	360831	2868.021300942267	0.4245621	0.75
14333.284627270314	750	19.215940221959325	0.0	372963	2923.0532408673052	0.38274577	0.75
14336.434532078554	750	20.066035413717994	0.0	405596	3149.904808241331	0.43119788	0.75
14339.17294138065	750	21.327626111623616	0.0	350713	2738.409302094375	0.41986167	0.75
14343.37161024053	750	21.1289572517429	0.0	386472	4198.668859880715	0.71583986	0.75
14348.063529892146	750	20.437037600127333	0.0	399894	4691.919651615567	0.4199025	0.75
14356.23937272369	750	16.261194768582694	0.0	401853	8175.842831544641	0.43564904	0.75
14359.915013046742	750	16.585554445531663	0.0	343800	3675.640323051031	0.7663508	0.75
14363.794072975847	750	16.706494516426247	0.0	359903	3879.0599291054145	0.31420475	0.75
14367.008925704697	750	17.49164178757486	0.0	379700	3214.852728851387	0.40734422	0.75
14370.24496229348	750	18.255605198792917	0.0	425781	3236.0365887819416	0.29311246	0.75
14372.159801396325	750	20.340766095946666	0.0	277716	1914.8391028462493	0.4084426	0.75
14374.804125288561	750	21.696442203710205	0.0	400396	2644.32389223646	0.6720778	0.75
14378.95529405685	750	21.545273435422438	0.0	400508	4151.1687682877655	0.7623112	0.75
14382.31675757498	750	22.183809917292496	0.0	358218	3361.463518129943	0.48284173	0.75
14386.415556834621	750	22.085010657650876	0.0	400322	4098.799259641621	0.58280426	0.75
14392.4953688981	750	20.005198594170604	0.0	369834	6079.812063480272	0.54824483	0.75
14395.543080181016	750	20.957487311256017	0.0	412837	3047.7112829145867	0.61392564	0.75
14399.095039869824	750	21.405527622447543	0.0	401088	3551.9596888084757	0.5993309	0.75
14401.673715708494	750	22.826851783777443	0.0	365161	2578.6758386701013	0.6013567	0.75
14404.132146283146	750	24.368421209125028	0.0	321064	2458.430574652416	0.9403878	0.75
14406.52083536817	750	25.979732124101368	0.0	361565	2388.689085023661	0.9097887	0.75
14409.89177558118	750	26.608791911091096	0.0	378327	3370.9402130102717	1.0441113	0.75
14414.775932378916	750	25.724635113355	0.0	390680	4884.156797736096	0.9217485	0.75
14421.341079523736	750	23.159487968534595	0.0	345516	6565.147144820405	0.75363564	0.75
14431.450182163171	750	17.050385329099083	0.0	384505	10109.102639435516	0.83051324	0.75
14435.776467122292	750	16.72410036997919	0.0	372093	4326.284959119892	0.97426844	0.75
14439.41333613757	750	17.087231354699973	0.0	438281	3636.8690152792187	0.47427195	0.75
14442.14163906006	750	18.35892843220967	0.0	398987	2728.302922490304	0.6240359	0.75
14445.442350408892	750	19.058217083380768	0.0	393804	3300.7113488289	0.8926289	0.75
14448.03853719645	750	20.462030295821613	0.0	331053	2596.186787559157	1.1262349	0.75
14450.766870975678	750	21.73369651659309	0.0	314107	2728.333779228522	1.182573	0.75

