23927.27301136354	750	4.0	4.851455205977005	450283	4851.455205977005	0.74702084	-20.11125738570112
23929.47667624324	300	5.796335120296149	0.0	155580	2203.664879703851	0.5838631	-0.15000000000000002
23931.633542779164	300	7.639468584376665	0.0	139857	2156.8665359194842	0.120970085	0.3
23934.295711049333	300	8.97730031420655	0.0	155432	2662.1682701701147	0.07984571	0.3
23936.738357863687	300	10.534653499851958	0.0	163442	2442.646814354592	0.10238838	0.3
23939.303258575477	300	11.969752788063095	0.0	126289	2564.9007117888623	0.2360925	0.3
23942.57682060878	300	12.69619075475933	0.0	153295	3273.5620333037646	0.14851686	0.3
23945.530948147487	300	13.742063216051369	0.0	173849	2954.127538707962	0.08372455	0.3
23946.86905848088	300	16.403952882659972	0.0	150710	1338.1103333913968	0.1284104	0.3
23948.09521903772	300	19.17779232581396	0.0	139105	1226.160556846011	0.38819107	0.3
23949.147102593684	300	22.125908769853044	0.0	141840	1051.8835559609138	0.5367609	0.3
23950.68588850511	300	24.587122858422287	0.0	156148	1538.785911430758	0.8216931	0.3
23952.52895584886	300	26.74405551467813	0.0	160746	1843.0673437441585	0.8409525	0.3
23955.027768621916	300	28.245242741618583	0.0	179801	2498.812773059549	0.77309877	0.3
23957.26943397551	300	30.003577388026006	0.0	140051	2241.6653535925757	0.89261395	0.3
23959.74841143849	300	31.524599925043283	0.0	138313	2478.977462982722	0.8088356	0.3
23962.768679765304	300	32.504331598231815	0.0	143509	3020.268326811466	0.78945243	0.3
23967.122748511876	300	32.15026285165609	0.0	150616	4354.068746575731	0.6913782	0.3
23970.3199824799	300	32.953028883633934	0.0	165384	3197.2339680221535	0.4517497	0.3
23972.07614138245	300	35.19686998108143	0.0	140881	1756.1589025525047	0.46529996	0.3
23974.57101599921	300	36.70199536432564	0.0	157671	2494.8746167557897	0.6232596	0.3
23977.24339445009	300	38.02961691344558	0.0	157812	2672.378450880062	0.46582338	0.3
23979.19416745051	300	40.078843913026155	0.0	163927	1950.773000419423	0.52795804	0.3
23980.62911462248	300	42.64389674105543	0.0	137654	1434.9471719707255	1.0568144	0.3
23982.090252793674	300	45.18275856986274	0.0	146754	1461.1381711926797	1.350541	0.3
23985.53875312122	750	45.73425824231271	0.0	379700	3448.5003275500358	1.4517115	0.3
23990.36768619642	750	44.90532516711674	0.0	425781	4828.933075195963	0.782976	0.75
23993.582184664967	750	45.69082669856908	0.0	277716	3214.498468547662	0.72420794	0.75
23997.131295029827	750	46.14171633371114	0.0	400396	3549.1103648579506	0.9272982	0.75
23999.538296713003	750	47.73471465053718	0.0	400508	2407.0016831739554	0.9460119	0.75
24001.318395032093	750	49.95461633144748	0.0	358218	1780.0983190896952	1.2789915	0.75
24009.60790659991	1850	45.665104763627546	0.0	954453	8289.511567819936	1.3883992	0.75
24022.120296481902	1850	37.1527148816381	0.0	885062	12512.389881989455	0.7484198	1.85
24034.157309661867	1850	29.11570170167658	0.0	1035329	12037.01317996151	0.7503204	1.85
24038.333080593315	1200	28.93993077022647	0.0	690253	4175.77093145011	0.84512436	0.5499999999999999
24040.97639172168	1200	30.296619641860506	0.0	598727	2643.311128365965	0.47918794	1.2
24045.077976220313	1200	30.195035143226995	0.0	487812	4101.5844986335105	1.1894548	1.2
24053.54663691473	1200	25.72637444880874	0.0	575591	8468.660694418255	0.52580434	1.2
24064.319439996532	1200	18.953571367005942	0.0	605884	10772.8030818028	0.5383439	1.2
24069.250704523634	1200	18.022306839905507	0.0	587506	4931.264527100433	0.7887502	1.2
24077.142199635804	1200	14.130811727737786	0.0	566904	7891.495112167723	0.40837452	1.2
24090.04535778198	1200	5.2276535815620155	0.0	641452	12903.15814617577	0.8434714	1.2
24092.328774704343	300	6.944236659197814	0.0	145210	2283.4169223642016	0.30195668	-0.6000000000000001
24095.238402386763	300	8.034608976779998	0.0	172312	2909.627682417816	0.21087834	0.3
24097.224530482777	300	10.048480880767418	0.0	167025	1986.1280960125798	0.21432285	0.3
24098.864504597503	300	12.408506766038974	0.0	160064	1639.9741147284433	0.9261412	0.3
24100.23411203816	300	15.038899325380388	0.0	137507	1369.607440658586	1.4183681	0.3
24109.027751802816	1850	10.245259560724591	0.0	846370	8793.639764655796	1.4474906	0.30000000000000004

