22474.621231973593	750	4.0	5.057839080863765	450283	5057.839080863765	1.0574484	-20.99870804771419
22476.051969488646	300	6.569262484946178	0.0	155580	1430.7375150538228	0.5466877	-0.15000000000000002
22477.450557724485	300	9.170674249107659	0.0	139857	1398.5882358385181	0.3226511	0.3
22478.89553573715	300	11.72569623644636	0.0	155432	1444.9780126612982	0.24734189	0.3
22480.54377586524	300	14.077456108354035	0.0	163442	1648.2401280923232	0.59465563	0.3
22481.82257759116	300	16.798654382437846	0.0	126289	1278.8017259161916	0.79270536	0.3
22483.149910461398	300	19.471321512200717	0.0	153295	1327.332870237129	0.79427785	0.3
22484.794638203904	300	21.826593769691208	0.0	173849	1644.7277425095092	0.6798789	0.3
22486.23495369682	300	24.386278276774544	0.0	150710	1440.3154929166644	0.8644398	0.3
22489.298091218017	750	25.323140755577533	0.0	362795	3063.137521197012	0.89552814	0.3
22492.572335281868	750	26.048896691725595	0.0	353220	3274.2440638519356	0.33202785	0.75
22495.85809003872	750	26.763141934872735	0.0	405134	3285.7547568528594	0.3946829	0.75
22499.555525198368	750	27.06570677522766	0.0	386351	3697.435159645077	0.3958162	0.75
22505.212173300806	750	25.409058672786056	0.0	434409	5656.648102441604	0.3472217	0.75
22508.377352892094	750	26.24387908149758	0.0	337059	3165.1795912884786	0.36857966	0.75
22511.50319989956	750	27.118032074032488	0.0	366214	3125.8470074650904	0.43808424	0.75
22514.985851113885	750	27.635380859706576	0.0	360831	3482.6512143259124	0.3889411	0.75
22518.575562842092	750	28.045669131498133	0.0	372963	3589.7117282084446	0.3975794	0.75
22522.6986921632	750	27.922539810388912	0.0	405596	4123.12932110922	0.38826734	0.75
22527.471266280325	750	27.149965693268953	0.0	350713	4772.574117119961	0.33227038	0.75
22532.74500760113	750	25.87622437246003	0.0	386472	5273.741320808924	0.40100992	0.75
22538.139323388277	750	24.481908585313697	0.0	399894	5394.3157871463345	0.3335244	0.75
22542.56232171963	750	24.058910253960587	0.0	401853	4422.998331353109	0.38601857	0.75
22545.235990728837	750	25.385241244754482	0.0	343800	2673.669009206108	0.33466944	0.75
22548.235689695088	750	26.38554227850512	0.0	359903	2999.698966249363	0.49890098	0.75
22552.453429357425	750	26.167802616166945	0.0	379700	4217.739662338175	0.52237207	0.75
22556.49825339273	750	26.12297858086165	0.0	425781	4044.824035305297	0.3120804	0.75
22558.807687668457	750	27.813544305134215	0.0	277716	2309.434275727433	0.42148077	0.75
22563.763947738695	750	26.857284234896216	0.0	400396	4956.260070238002	0.78507614	0.75
22566.749835257924	750	27.87139671566522	0.0	400508	2985.8875192309943	0.41959235	0.75
22569.962937602475	750	28.65829437111642	0.0	358218	3213.102344548802	0.71896076	0.75
22572.869235245777	750	29.75199672781602	0.0	400322	2906.2976433003955	0.6885467	0.75
22575.456300447564	750	31.164931526026542	0.0	369834	2587.065201789478	0.7844856	0.75
22579.690584331656	750	30.930647641933064	0.0	412837	4234.283884093478	0.8972667	0.75
22586.845695696975	750	27.775536276614062	0.0	401088	7155.111365319002	0.583647	0.75
22592.663874883714	750	25.957357089876616	0.0	365161	5818.179186737446	0.77392215	0.75
22595.96784301446	750	26.653388959130222	0.0	321064	3303.968130746396	0.6370786	0.75
22600.6096836409	750	26.011548332689912	0.0	361565	4641.8406264403075	0.7511964	0.75
22605.770910677726	750	24.850321295865236	0.0	378327	5161.2270368246745	0.40193498	0.75
22611.076677398276	750	23.5445545753153	0.0	390680	5305.7667205499365	0.44674632	0.75
22615.104310144892	750	23.516921828698866	0.0	345516	4027.632746616434	0.45359606	0.75
22618.88023910051	750	23.740992873083783	0.0	384505	3775.9289556150848	0.551423	0.75
22624.44213650917	750	22.179095464421515	0.0	372093	5561.897408662265	0.6787173	0.75
22631.314141442093	750	19.30709053149702	0.0	438281	6872.004932924494	0.48109835	0.75
22637.73811214174	750	16.883119831849605	0.0	398987	6423.970699647416	0.74491125	0.75
22643.62176232856	750	14.999469645032052	0.0	393804	5883.650186817556	0.60320437	0.75
22649.344056376514	750	13.277175597077909	0.0	331053	5722.294047954143	0.6633175	0.75
22654.13648999735	750	12.484741976240597	0.0	314107	4792.4336208373115	0.5068067	0.75

