17369.782854599624	750	4.0	4.236019030700693	450283	4236.019030700693	0.7523228	-17.46488183201298
17370.925563617206	300	6.857290982416554	0.0	155580	1142.7090175834455	0.6892921	-0.15000000000000002
17372.40349368541	300	9.379360914208803	0.0	139857	1477.9300682077526	0.63042736	0.3
17374.1038640355	300	11.678990564121813	0.0	155432	1700.37035008699	0.2960403	0.3
17375.64846951174	300	14.134385087878595	0.0	163442	1544.605476243219	0.5657691	0.3
17376.392253129303	300	17.390601470313385	0.0	126289	743.7836175652097	0.87823504	0.3
17378.91517311835	750	18.86768148126639	0.0	352642	2522.919989046993	1.1684282	0.3
17384.84658655367	750	16.936268045944026	0.0	437162	5931.4134353223635	0.32315317	0.75
17390.720075013687	750	15.062779585929281	0.0	374758	5873.488460014746	0.4752061	0.75
17397.732166526843	750	12.050688072770875	0.0	362795	7012.091513158408	0.42041233	0.75
17403.334864507633	750	10.44799009197839	0.0	353220	5602.6979807924845	0.56415826	0.75
17410.77877355397	750	7.004081045642953	0.0	405134	7443.909046335438	0.6612472	0.75
17412.101359546934	300	9.681495052680257	0.0	160746	1322.5859929626947	0.54283684	-0.15000000000000002
17413.44005615961	300	12.34279844000585	0.0	179801	1338.6966126744057	0.30503818	0.3
17414.401605943247	300	15.381248656368054	0.0	140051	961.5497836377965	0.6411543	0.3
17415.408871107167	300	18.3739834924454	0.0	138313	1007.2651639226524	0.8582702	0.3
17416.47670088331	300	21.30615371630519	0.0	143509	1067.8297761402096	0.9868429	0.3
17417.584235384747	300	24.198619214867502	0.0	150616	1107.5345014376883	1.1685464	0.3
17419.95706376772	750	25.825790831893862	0.0	405596	2372.8283829736424	1.2747974	0.3
17421.558878351985	750	28.223976247625743	0.0	350713	1601.8145842681174	0.79626155	0.75
17423.084519145552	750	30.69833545405895	0.0	386472	1525.6407935667914	1.1282747	0.75
17427.144940386188	750	30.637914213424377	0.0	399894	4060.4212406345728	1.247089	0.75
17431.423866224624	750	30.358988374986158	0.0	401853	4278.925838438218	0.9502616	0.75
17434.243217435655	750	31.539637163956495	0.0	343800	2819.3512110296597	0.9820447	0.75
17436.925278302737	750	32.85757629687398	0.0	359903	2682.060867082517	1.0087056	0.75
17440.5295564671	750	33.253298132510345	0.0	379700	3604.2781643636345	0.91871417	0.75
17444.147489979925	750	33.63536461968541	0.0	425781	3617.933512824933	0.57669556	0.75
17447.967346251262	750	33.815508348351734	0.0	277716	3819.856271333672	0.8023514	0.75
17451.78500223379	750	33.997852365819384	0.0	400396	3817.6559825323584	0.7577557	0.75
17453.98463589948	750	35.79821870013003	0.0	400508	2199.6336656893536	0.66591823	0.75
17455.543936825175	750	38.2389177744373	0.0	358218	1559.3009256927348	1.1492262	0.75
17457.161156978862	750	40.621697620751945	0.0	400322	1617.2201536853474	1.3264937	0.75
17461.520252787075	1850	40.26260181253827	0.0	885062	4359.095808213678	1.1842602	0.75
17468.798856371464	1850	36.98399822814786	0.0	1035329	7278.603584390414	0.73086995	1.85
17478.19811846165	1850	31.584736137964594	0.0	1026056	9399.262090183263	0.6214704	1.85
17486.821460021194	1850	26.961394578422215	0.0	943942	8623.34155954238	0.58690804	1.85
17503.07318285157	1850	14.709671748045606	0.0	728962	16251.72283037661	0.7494079	1.85
17514.402010998634	750	7.380843600985971	0.0	361565	11328.828147059636	1.1334293	-0.3500000000000001
17518.972435781317	300	6.810418818301265	0.0	144254	4570.424782684705	0.3508459	-0.15000000000000002
17523.775165697272	300	6.007688902347687	0.0	149991	4802.729915953579	0.07938398	0.3
17528.23624320734	300	5.546611392281236	0.0	147968	4461.0775100664505	0.063594885	0.3
17532.98360070493	300	4.7992538946885155	0.0	161857	4747.357497592721	0.06389005	0.3
17537.174914278334	300	4.607940321286413	0.0	145210	4191.3135734021025	0.065342724	0.3
17542.106932145718	300	4.0	0.3240775460999866	172312	4932.017867386399	0.04996773	-1.0935334482299424
17546.996767421882	300	4.0	0.8898352761628258	167025	4889.835276162826	0.05076488	-3.5262916875001507
17551.592360750437	300	4.0	0.5955933285523788	160064	4595.593328552379	0.034123145	-2.261051312775229
17554.79743012217	300	4.794930628267783	0.0	137507	3205.069371732218	0.05261391	0.3
17556.274730136905	300	7.3176306135333515	0.0	118421	1477.300014734431	0.06327868	0.3

