20718.31686839388	750	4.0	3.9127276647253035	450283	3912.7276647253034	0.627019	-16.074728958318804
20719.748461413987	300	6.568406979893699	0.0	155580	1431.593020106301	0.72563356	-0.15000000000000002
20720.914962167284	300	9.401906226594866	0.0	139857	1166.500753298834	0.38363472	0.3
20722.063407495043	300	12.253460898835879	0.0	155432	1148.4453277589848	0.42810956	0.3
20723.1966761311	300	15.120192262777211	0.0	163442	1133.2686360586692	0.96228904	0.3
20725.031802409867	750	17.28506598401304	0.0	318564	1835.1262787641672	1.1039658	0.3
20727.308827634297	750	19.008040759585654	0.0	352642	2277.0252244273875	0.6740688	0.75
20731.20199242957	750	19.11487596431319	0.0	437162	3893.1647952724666	0.41108152	0.75
20734.91346665743	750	19.40340173645145	0.0	374758	3711.4742278617355	0.47186565	0.75
20739.203392970136	750	19.11347542374349	0.0	362795	4289.926312707962	0.4086367	0.75
20742.69813925431	750	19.61872913957158	0.0	353220	3494.7462841719102	0.3519333	0.75
20745.161488008318	750	21.15538038556525	0.0	405134	2463.348754006334	0.39585742	0.75
20747.45213489856	750	22.864733495321353	0.0	386351	2290.6468902438946	0.3934788	0.75
20750.01535972038	750	24.30150867350399	0.0	434409	2563.2248218173654	0.45378262	0.75
20752.07770745466	750	26.239160939223332	0.0	337059	2062.3477342806536	0.5864812	0.75
20754.08330290623	750	28.23356548765241	0.0	366214	2005.5954515709225	0.6976072	0.75
20756.169776371786	750	30.14709202209975	0.0	360831	2086.473465552664	0.80119306	0.75
20758.47980977672	750	31.837058617166306	0.0	372963	2310.03340493344	0.890559	0.75
20761.10193394898	750	33.214934444906845	0.0	405596	2622.124172259463	0.7660818	0.75
20763.732136123108	750	34.58473227077473	0.0	350713	2630.2021741321155	0.839849	0.75
20767.172896994532	750	35.14397139935469	0.0	386472	3440.760871420043	0.8515354	0.75
20771.99204644181	750	34.324821952076405	0.0	399894	4819.149447278287	0.7244105	0.75
20776.910101001475	750	33.40676739240911	0.0	401853	4918.054559667292	0.6662511	0.75
20780.528290348164	750	33.78857804571779	0.0	343800	3618.189346691313	0.6804604	0.75
20785.884905816853	750	32.43196257702796	0.0	359903	5356.615468689831	0.64344263	0.75
20788.944571749456	750	33.372296644423145	0.0	379700	3059.6659326048216	0.41217527	0.75
20792.794369149753	750	33.522499244125626	0.0	425781	3849.797400297519	0.6584268	0.75
20795.280659979886	750	35.03620841399203	0.0	277716	2486.290830133601	0.6620633	0.75
20798.732888510905	750	35.58397988297497	0.0	400396	3452.228531017055	0.786654	0.75
20802.330069368534	750	35.98679902534474	0.0	400508	3597.180857630236	0.7830772	0.75
20806.532693092584	750	35.78417530129208	0.0	358218	4202.623724052657	0.68189955	0.75
20814.81231952732	750	31.50454886655873	0.0	400322	8279.626434733353	0.6730047	0.75
20822.162349868315	750	28.154518525558355	0.0	369834	7350.030341000372	0.45792118	0.75
20831.039386253808	750	23.277482140066095	0.0	412837	8877.036385492262	0.5032873	0.75
20843.090333759017	750	15.22653463485541	0.0	401088	12050.947505210685	0.56697345	0.75
20848.328023512116	300	13.98884488175453	0.0	159914	5237.689753100881	0.60300946	-0.15000000000000002
20850.26450527556	300	16.0523631183091	0.0	131610	1936.481763445428	0.2528808	0.3
20852.2820508042	300	18.034817589674685	0.0	124011	2017.5455286344186	0.16040619	0.3
20854.461202314138	300	19.855666079734043	0.0	144254	2179.1515099406424	0.20816617	0.3
20856.40995038013	300	21.90691801374091	0.0	149991	1948.748065993132	0.61080456	0.3
20857.878318418858	300	24.43854997501581	0.0	147968	1468.3680387251006	1.0722675	0.3
20859.32757593082	300	26.989292463054657	0.0	161857	1449.2575119611547	1.5253096	0.3
20867.64650324375	1850	22.67036515012001	0.0	886255	8318.92731293465	1.4301635	0.30000000000000004
20893.224081784523	1850	4.0	2.907213390651206	973972	25577.578540771214	0.72456276	-10.651017579800186
20897.77343435519	300	4.0	0.5493525706635882	167025	4549.352570663588	0.10386238	-3.6122160538534294
20902.265367781565	300	4.0	0.4919334263773117	160064	4491.933426377312	0.24545461	-1.81531373342244
20905.427139646203	300	4.838228135363177	0.0	137507	3161.771864636823	0.19418237	0.3
20907.74997804121	300	6.51538974035594	0.0	118421	2322.838395007237	0.11030338	0.3

