23562.600127382655	750	4.0	5.105653885378062	450283	5105.653885378062	1.1096705	-21.204311707125665
23566.755829122318	300	4.0	0.15570173966025685	155580	4155.701739660257	0.5382129	-0.8195174805391044
23569.212462552285	300	5.543366570032065	0.0	139857	2456.6334299679343	0.043789294	0.3
23570.498891687774	300	8.256937434542367	0.0	155432	1286.4291354896984	0.039635714	0.3
23571.486611535678	300	11.26921758663774	0.0	163442	987.7198479046284	0.25911117	0.3
23572.032339145266	300	14.723489977049944	0.0	126289	545.7276095877967	0.98020595	0.3
23573.4561201391	750	17.299708983215723	0.0	352642	1423.7809938342223	1.3283509	0.3
23575.285299718318	750	19.4705294039985	0.0	437162	1829.1795792172181	0.7749866	0.75
23577.177313348024	750	21.57851577428904	0.0	374758	1892.0136297094623	1.0006425	0.75
23579.007262209405	750	23.7485669129113	0.0	362795	1829.948861377739	0.93018425	0.75
23580.267175512632	750	26.488653609686036	0.0	353220	1259.9133032252646	0.9671684	0.75
23582.255855570238	1200	28.49997355207816	0.0	594078	1988.6800576078763	1.2497	0.75
23584.804695259638	1200	29.95113386267922	0.0	624282	2548.839689398941	1.0115302	1.2
23587.012309012505	1200	31.74352010981038	0.0	687371	2207.6137528688428	0.7986108	1.2
23588.785130299882	1200	33.970698822434635	0.0	526950	1772.8212873757439	1.0902648	1.2
23590.694949785746	1200	36.060879336568526	0.0	587876	1909.8194858661072	1.0718852	1.2
23592.702565129064	1200	38.05326399325289	0.0	617242	2007.6153433156335	1.0920769	1.2
23595.633133387393	1850	39.122695734922736	0.0	885714	2930.5682583301555	1.2002943	1.2000000000000002
23598.912367859237	1850	39.84346126308088	0.0	987708	3279.2344718418562	0.81411296	1.85
23604.011555477642	1850	38.74427364467719	0.0	923755	5099.1876184036855	0.7927727	1.85
23607.29903460471	1850	39.45679451760487	0.0	891604	3287.4791270723317	0.7807461	1.85
23610.661668132398	1850	40.094160989921264	0.0	955231	3362.6335276836026	0.78774047	1.85
23614.089971733618	1850	40.6658573887021	0.0	968026	3428.303601219165	0.8032734	1.85
23617.800689667733	1850	40.955139454590544	0.0	874175	3710.717934111553	0.7857732	1.85
23625.362240919654	1850	37.39358820266871	0.0	897976	7561.55125192183	0.6716633	1.85
23632.01565995815	1850	34.74016916417042	0.0	905935	6653.419038498293	0.6049239	1.85
23641.727709102703	1850	29.028120019617464	0.0	1076599	9712.049144552951	0.5678151	1.85
23651.161395180236	1850	23.59443394208191	0.0	758197	9433.686077535558	0.46385458	1.85
23660.32774116267	1850	18.428087959651123	0.0	972798	9166.345982430785	0.83728564	1.85
23666.27625146992	1200	16.479577652397996	0.0	641447	5948.5103072531265	1.0581933	0.5499999999999999
23671.642825712766	1200	15.11300340955425	0.0	570392	5366.574242843746	0.67341554	1.2
23676.683493437195	1200	14.07233568512593	0.0	620283	5040.667724428317	0.7167296	1.2
23681.76826446127	1200	12.987564661049882	0.0	584349	5084.771024076048	0.86608756	1.2
23686.31691760726	1200	12.43891151505888	0.0	670129	4548.653145991002	0.79876816	1.2
23692.991869918194	1200	9.763959204124458	0.0	690253	6674.952310934422	0.6662745	1.2
23700.392041363975	1200	6.363787758342472	0.0	598727	7400.171445781986	0.9181434	1.2
23704.14457698409	750	6.6112521382300145	0.0	321064	3752.5356201124573	1.0439028	0.3
23706.54794082235	750	8.207888299966628	0.0	361565	2403.3638382633876	0.5695988	0.75
23709.03622388726	750	9.719605235059916	0.0	378327	2488.2830649067114	0.4566739	0.75
23712.026923938683	750	10.728905183633172	0.0	390680	2990.700051426744	0.6588762	0.75
23715.653876180302	750	11.101952942014771	0.0	345516	3626.9522416184022	0.7242671	0.75
23719.23369930322	750	11.522129819101075	0.0	384505	3579.8231229136964	0.6981505	0.75
23721.6292868942	750	13.126542228119918	0.0	372093	2395.587590981155	0.76148576	0.75
23725.211415225785	750	13.544413896533923	0.0	438281	3582.1283315859955	0.86525905	0.75
23730.4950460816	750	12.260783040721783	0.0	398987	5283.63085581214	0.94726545	0.75
23736.494759186484	750	10.261069935836607	0.0	393804	5999.713104885174	0.91838396	0.75
23739.912312932098	750	10.843516190225959	0.0	331053	3417.5537456106485	0.9949886	0.75
23742.91903849345	750	11.836790628871816	0.0	314107	3006.725561354144	0.6249495	0.75

