12550.366856716668	750	4.0	3.478694088168143	450283	3478.694088168143	0.47579452	-14.208384579123015
12552.817274061901	750	5.54958265476585	0.0	398865	2450.4173452341497	0.7207863	0.75
12554.807583048054	750	7.559273668615107	0.0	350812	1990.3089861507428	0.39343426	0.75
12557.251428728872	750	9.115427987794604	0.0	382355	2443.8456808205033	0.4302161	0.75
12559.864090972258	750	10.502765744409848	0.0	411561	2612.6622433847565	0.44862553	0.75
12562.894792159317	750	11.472064557350226	0.0	318564	3030.7011870596216	0.55013645	0.75
12566.0006800439	750	12.366176672767752	0.0	352642	3105.8878845824747	0.40955698	0.75
12572.517697903117	750	9.849158813550602	0.0	437162	6517.017859217149	0.41452938	0.75
12578.272082099258	750	8.094774617409385	0.0	374758	5754.384196141218	0.7598726	0.75
12584.117119448172	750	6.249737268496914	0.0	362795	5845.03734891247	0.7260436	0.75
12587.128304402127	300	7.2385523145410335	0.0	141840	3011.184953955881	0.70503116	-0.15000000000000002
12589.455556423733	300	8.911300292935332	0.0	156148	2327.252021605702	0.09987069	0.3
12592.326042628883	300	10.040814087783826	0.0	160746	2870.4862051515065	0.10867664	0.3
12593.731584208223	300	12.6352725084453	0.0	179801	1405.541579338524	0.07634453	0.3
12594.654910092997	300	15.711946623670173	0.0	140051	923.325884775129	0.65459925	0.3
12595.549974030355	300	18.81688268631202	0.0	138313	895.0639373581503	0.87405616	0.3
12597.899522952095	750	20.46733376457181	0.0	360831	2349.5489217402096	1.086054	0.3
12602.108090902455	750	20.25876581421193	0.0	372963	4208.567950359881	0.7001288	0.75
12608.15582897907	750	18.211027737598613	0.0	405596	6047.738076613318	0.4686574	0.75
12611.180484465653	750	19.186372251015435	0.0	350713	3024.655486583178	0.5654131	0.75
12614.783981591396	750	19.582875125272885	0.0	386472	3603.497125742552	0.57173544	0.75
12620.026092287924	750	18.340764428745125	0.0	399894	5242.110696527757	0.368036	0.75
12623.417877004826	750	18.9489797118422	0.0	401853	3391.784716902925	0.4940736	0.75
12626.141725764208	750	20.225130952460233	0.0	343800	2723.8487593819664	0.37420544	0.75
12629.28826093014	750	21.078595786528517	0.0	359903	3146.535165931715	0.4457003	0.75
12632.301569277115	750	22.06528743955278	0.0	379700	3013.3083469757366	0.42356375	0.75
12636.529521888038	750	21.837334828629388	0.0	425781	4227.952610923392	0.4062159	0.75
12639.07866377009	750	23.288192946577723	0.0	277716	2549.1418820516624	0.5043815	0.75
12642.816234480186	750	23.550622236480656	0.0	400396	3737.5707100970694	0.6116164	0.75
12646.328307923564	750	24.03854879310201	0.0	400508	3512.0734433786456	0.4961797	0.75
12649.610025146834	750	24.75683156983205	0.0	358218	3281.717223269963	0.54366666	0.75
12653.485472589486	750	24.881384127180908	0.0	400322	3875.4474426511406	0.5620986	0.75
12656.849664792553	750	25.51719192411312	0.0	369834	3364.1922030677856	0.4656426	0.75
12660.65378006615	750	25.7130766505159	0.0	412837	3804.11527359722	0.54350626	0.75
12665.280894112137	750	25.08596260452949	0.0	401088	4627.114045986412	0.49144602	0.75
12669.153475015351	750	25.213381701313242	0.0	365161	3872.5809032162488	0.6199603	0.75
12672.493323364108	750	25.873533352556997	0.0	321064	3339.848348756243	0.6163057	0.75
12676.302079030007	750	26.064777686656413	0.0	361565	3808.755665900585	0.61058825	0.75
12680.64604657999	750	25.720810136673514	0.0	378327	4343.967549982898	0.5687394	0.75
12684.492409784589	750	25.87444693207574	0.0	390680	3846.363204597772	0.5232173	0.75
12687.773071934069	750	26.593784782595698	0.0	345516	3280.662149480044	0.6330717	0.75
12692.35132267293	750	26.015534043734387	0.0	384505	4578.250738861311	0.7554601	0.75
12695.732484291002	750	26.63437242566256	0.0	372093	3381.161618071832	0.5694738	0.75
12699.48809128647	750	26.878765430195276	0.0	438281	3755.6069954672816	0.74970204	0.75
12704.470311884177	750	25.896544832486185	0.0	398987	4982.220597709091	0.9111264	0.75
12708.312887086575	750	26.053969630089632	0.0	393804	3842.5752023965547	0.6537552	0.75
12710.533756325374	750	27.83310039128948	0.0	331053	2220.869238800151	0.9525849	0.75
12712.878932427338	750	29.487924289323963	0.0	314107	2345.176101965517	1.2917181	0.75

