724.0551516660189	750	4.0	11.415819972284071	450283	11415.81997228407	1.2910566	-48.338025880821505
726.8782407383933	300	5.176910927625635	0.0	155580	2823.0890723743646	0.09028882	-0.15000000000000002
729.1746432503188	300	6.880508415700065	0.0	139857	2296.4025119255693	0.032245506	0.3
731.2569776039261	300	8.798174062092835	0.0	155432	2082.334353607229	0.031175556	0.3
734.2201539377925	300	9.834997728226448	0.0	163442	2963.1763338663886	0.05261257	0.3
737.4606020114637	300	10.594549654555204	0.0	126289	3240.4480736712444	0.111628816	0.3
740.1264102768458	300	11.928741389173108	0.0	153295	2665.8082653820957	0.062627606	0.3
744.6185204073313	300	11.436631258687633	0.0	173849	4492.110130485475	0.041995212	0.3
749.2660747021524	300	10.78907696386657	0.0	150710	4647.554294821064	0.043914586	0.3
754.0179756721228	300	10.037175993896167	0.0	139105	4751.900969970405	0.07387628	0.3
758.974219841105	300	9.080931824913973	0.0	141840	4956.244168982194	0.049255386	0.3
764.0652989279049	300	7.9898527381139415	0.0	156148	5091.079086800031	0.026956249	0.3
768.3691865739846	300	7.685965092034298	0.0	160746	4303.887646079643	0.022346742	0.3
774.4921578229213	300	5.562993843097569	0.0	179801	6122.971248936729	0.013719918	0.3
779.2609843422475	300	4.794167323771426	0.0	140051	4768.826519326142	0.01902462	0.3
783.8596753511969	300	4.195476314822005	0.0	138313	4598.691008949421	0.009125591	0.3
787.2440988080555	300	4.811052857963363	0.0	143509	3384.423456858642	0.00835745	0.3
789.5076453716488	300	6.547506294370085	0.0	150616	2263.5465635932774	0.010874432	0.3
791.0948250995615	300	8.960326566457432	0.0	165384	1587.179727912654	0.020733977	0.3
792.4550246515996	300	11.600127014419334	0.0	140881	1360.1995520380992	0.15919738	0.3
793.7548386745217	300	14.30031299149726	0.0	157671	1299.814022922074	0.29700273	0.3
794.9348192065661	300	17.120332459452786	0.0	157812	1179.9805320444698	0.69869494	0.3
796.1586975432433	300	19.89645412277562	0.0	163927	1223.8783366771659	1.0021393	0.3
798.5384213175068	750	21.516730348512116	0.0	343800	2379.7237742635048	1.2242391	0.3
800.8616622779401	750	23.193489388078877	0.0	359903	2323.2409604332393	0.6099579	0.75
803.2730579988479	750	24.782093667171097	0.0	379700	2411.3957209077803	0.73665124	0.75
806.1567206134168	750	25.898431052602177	0.0	425781	2883.66261456892	0.7258869	0.75
808.2807195738078	750	27.774432092211203	0.0	277716	2123.998960390976	1.0512518	0.75
811.2420365321108	750	28.813115133908216	0.0	400396	2961.316958302985	0.9159596	0.75
813.8169806981205	750	30.2381709678986	0.0	400508	2574.9441660096177	0.8889728	0.75
815.7331092206495	750	32.322042445369576	0.0	358218	1916.1285225290235	1.0206504	0.75
817.7116348537303	750	34.34351681228874	0.0	400322	1978.525633080832	1.1493248	0.75
819.2996187440721	750	36.755532921947015	0.0	369834	1587.9838903417242	1.2001722	0.75
821.5349419394747	750	38.520209726544415	0.0	412837	2235.3231954025996	1.326771	0.75
823.7669142286622	750	40.288237437356834	0.0	401088	2231.9722891875895	1.3229451	0.75
825.6170267504236	750	42.43812491559547	0.0	365161	1850.112521761362	1.4078876	0.75
829.3210403771642	1850	42.73411128885498	0.0	728962	3704.0136267404914	1.3938105	0.75
833.5858520328436	1850	42.46929963317547	0.0	938587	4264.811655679518	0.8862165	1.85
837.3289495656518	1850	42.726202100367296	0.0	908665	3743.0975328081777	0.896094	1.85
841.2472649115919	1850	42.80788675442728	0.0	930577	3918.3153459400105	0.9326086	1.85
845.2393315114715	1850	42.81582015454763	0.0	858450	3992.06659987965	0.9237574	1.85
849.649291855714	1850	42.40585981030529	0.0	1025005	4409.960344242345	0.9316573	1.85
854.3154383748628	1850	41.73971329115647	0.0	886255	4666.146519148813	0.94277793	1.85
860.0898388826449	1850	39.965312783374294	0.0	973972	5774.400507782176	0.81445485	1.85
866.4090267541872	1850	37.64612491183194	0.0	958994	6319.187871542351	0.8058342	1.85
870.4876351660076	1850	37.56751650001142	0.0	982064	4078.608411820519	0.65856755	1.85
874.0553518323604	1850	37.99979983365874	0.0	830730	3567.716666352681	0.8722286	1.85
877.8352551458821	1850	38.21989652013698	0.0	846370	3779.903313521761	0.6166503	1.85

