3663.3253056231215	750	4.0	3.8635903273045304	450283	3863.5903273045305	1.1661252	-15.863438407409479
3664.565643029368	300	6.759662593753583	0.0	155580	1240.3374062464177	0.72875655	-0.15000000000000002
3665.98662620812	300	9.338679415001378	0.0	139857	1420.983178752206	0.5390416	0.3
3667.345055157384	300	11.980250465737047	0.0	155432	1358.428949264331	0.31882513	0.3
3668.593261483397	300	14.732044139724767	0.0	163442	1248.2063260122802	0.79337883	0.3
3669.5539433000436	300	17.77136232307799	0.0	126289	960.681816646775	1.0264275	0.3
3672.361888374486	750	18.963417248635484	0.0	352642	2807.9450744425076	1.0413463	0.3
3676.0369079361312	750	19.28839768699031	0.0	437162	3675.019561645172	0.30720574	0.75
3678.922366268554	750	20.402939354567277	0.0	374758	2885.458332423037	0.38432214	0.75
3681.8221487289043	750	21.503156894216996	0.0	362795	2899.7824603502795	0.35311285	0.75
3684.837548861222	750	22.487756761899444	0.0	353220	3015.400132317556	0.34574917	0.75
3688.7131774648997	750	22.612128158221694	0.0	405134	3875.6286036777506	0.38221925	0.75
3692.258980239513	750	23.066325383607875	0.0	386351	3545.802774613819	0.36367574	0.75
3696.4823741140317	750	22.842931509089357	0.0	434409	4223.393874518517	0.3531172	0.75
3699.9620593353925	750	23.36324628772862	0.0	337059	3479.6852213607376	0.423319	0.75
3706.7655049290197	750	20.559800694101575	0.0	366214	6803.445593627045	0.3191555	0.75
3715.1716004466507	750	16.153705176470506	0.0	360831	8406.095517631069	0.45359135	0.75
3724.3543308969456	750	10.97097472617559	0.0	372963	9182.730450294914	0.763897	0.75
3728.15999017251	300	11.16531545061115	0.0	165384	3805.659275564441	0.50392413	-0.15000000000000002
3731.6259886294647	300	11.699316993656735	0.0	140881	3465.998456954415	0.10378523	0.3
3734.4253703779364	300	12.899935245185056	0.0	157671	2799.3817484716797	0.04026605	0.3
3738.495382338092	300	12.82992328502944	0.0	157812	4070.011960155617	0.062729806	0.3
3743.6305311341125	300	11.694774489008912	0.0	163927	5135.148796020528	0.061701868	0.3
3747.2066341609207	300	12.118671462201066	0.0	137654	3576.103026807846	0.056918073	0.3
3749.871570595081	300	13.453735028040752	0.0	146754	2664.9364341603136	0.044902015	0.3
3751.6402816699683	300	15.685023953153502	0.0	153938	1768.711074887249	0.060437627	0.3
3753.390237038294	300	17.93506858482814	0.0	181901	1749.955368325364	0.19107185	0.3
3754.4699960599937	300	20.855309563128152	0.0	111155	1079.7590216999852	0.73458874	0.3
3756.286728466336	300	23.038577156785955	0.0	153605	1816.7324063421997	0.7492708	0.3
3758.5159187274094	300	24.809386895712684	0.0	149029	2229.1902610732727	0.80134237	0.3
3761.779080046235	300	25.54622557688754	0.0	157421	3263.161318825144	0.9170779	0.3
3766.1962533678716	300	25.129052255250812	0.0	157488	4417.17332163673	0.7216581	0.3
3770.468056011678	300	24.857249611444168	0.0	143881	4271.802643806643	0.7115749	0.3
3774.4820313665714	300	24.843274256550902	0.0	163444	4013.975354893265	0.4901364	0.3
3779.4099336761496	300	23.915371946972662	0.0	179328	4927.9023095782395	0.4427957	0.3
3783.250965433903	300	24.074340189219186	0.0	159914	3841.0317577534756	0.3354451	0.3
3786.6107822497775	300	24.714523373344658	0.0	131610	3359.8168158745284	0.35878283	0.3
3790.3975599243745	300	24.927745698748087	0.0	124011	3786.777674596571	0.17074297	0.3
3794.0173048780953	300	25.30800074502728	0.0	144254	3619.7449537208086	0.16100815	0.3
3796.602538819479	300	26.722766803643545	0.0	149991	2585.2339413837326	0.22294964	0.3
3799.141385851438	300	28.183919771684703	0.0	147968	2538.847031958842	0.52533257	0.3
3802.9456549210036	300	28.379650702118877	0.0	161857	3804.269069565829	0.55414295	0.3
3805.5066657315533	300	29.81863989156899	0.0	145210	2561.0108105498875	0.5664055	0.3
3809.2928327145687	300	30.032472908553725	0.0	172312	3786.1669830152628	0.7030823	0.3
3813.8339741127884	300	29.49133151033411	0.0	167025	4541.141398219616	0.748937	0.3
3818.105334306428	300	29.219971316693886	0.0	160064	4271.360193640222	0.61910385	0.3
3820.834447098127	300	30.490858524994803	0.0	137507	2729.1127916990845	0.78627723	0.3
3823.340311874067	300	31.984993749055164	0.0	118421	2505.864775939636	1.0668486	0.3

