23746.71048022369	750	4.0	3.791441730238546	450283	3791.441730238546	0.4587006	-15.553199440025747
23749.625981712277	750	5.08449851141021	0.0	398865	2915.50148858979	0.73179495	0.75
23751.804154948848	750	6.9063252748397534	0.0	350812	2178.173236570457	0.40547866	0.75
23754.336070669662	750	8.37440955402698	0.0	382355	2531.9157208127726	0.38477007	0.75
23757.17485583521	750	9.535624388482427	0.0	411561	2838.7851655445534	0.39463365	0.75
23758.83019320521	750	11.880287018483083	0.0	318564	1655.3373699993435	0.42550552	0.75
23760.315778638476	750	14.394701585215591	0.0	352642	1485.5854332674915	0.5853645	0.75
23761.700020489618	750	17.010459734071993	0.0	437162	1384.241851143601	0.57987565	0.75
23763.975710742023	1200	18.734769481666802	0.0	584846	2275.6902524051907	1.1505157	0.75
23766.52126352808	1200	20.189216695610465	0.0	560821	2545.5527860563343	0.6188112	1.2
23770.46672934638	1200	20.24375087730793	0.0	607410	3945.465818302537	0.54512805	1.2
23773.71891890329	1200	20.991561320396187	0.0	594078	3252.189556911745	0.3097639	1.2
23776.772420730656	1200	21.938059493030185	0.0	624282	3053.501827366004	0.3134642	1.2
23781.010464689934	1200	21.700015533754023	0.0	687371	4238.043959276161	0.35593128	1.2
23784.149511689986	1200	22.56096853369804	0.0	526950	3139.0470000559844	0.5139092	1.2
23787.9379544457	1200	22.772525777985518	0.0	587876	3788.4427557125255	0.32439816	1.2
23793.061001930455	1200	21.64947829322898	0.0	617242	5123.0474847565365	0.25424862	1.2
23799.824502792282	1200	18.885977431402065	0.0	581493	6763.500861826918	0.21679935	1.2
23806.48489580022	1200	16.22558442346787	0.0	639204	6660.393007934195	0.35397825	1.2
23811.042322487963	1200	15.668157735723817	0.0	586839	4557.426687744054	0.5235515	1.2
23814.83548733017	1200	15.87499289351523	0.0	601738	3793.164842208585	0.34057418	1.2
23819.160866905342	1200	15.549613318341057	0.0	616206	4325.379575174175	0.3678277	1.2
23824.017410278906	1200	14.693069944778363	0.0	656471	4856.543373562694	0.42282158	1.2
23826.661845163933	1200	16.04863505974927	0.0	536667	2644.4348850290917	0.44863686	1.2
23830.24170555563	1200	16.468774668053136	0.0	587236	3579.860391696136	0.538164	1.2
23833.761681096665	1200	16.948799127016244	0.0	590335	3519.975541036891	0.33412918	1.2
23839.107499720565	1200	15.602980503116488	0.0	696376	5345.818623899758	0.3654047	1.2
23843.393622579195	1200	15.316857644486772	0.0	487160	4286.122858629714	0.534272	1.2
23850.168626614144	1200	12.541853609534728	0.0	622896	6775.004034952044	0.30325434	1.2
23856.55211081952	1200	10.158369404159977	0.0	641447	6383.48420537475	0.66070825	1.2
23861.704612222842	1200	9.005868000839897	0.0	570392	5152.5014033200805	0.8832379	1.2
23868.369639063687	1200	6.3408411599955405	0.0	620283	6665.026840844356	0.89249754	1.2
23872.641161066305	750	6.069319157375777	0.0	369834	4271.522002619763	1.0842632	0.3
23877.768632476636	750	4.941847747047026	0.0	412837	5127.4714103287515	0.6872207	0.75
23883.599943989368	750	4.0	0.8894637656834739	401088	5831.3115127305	0.7436025	-3.0746941924389373
23886.179293774265	300	5.420650215099646	0.0	159914	2579.349784900354	0.6887855	-0.15000000000000002
23888.667725183328	300	6.9322188060398915	0.0	131610	2488.431409059754	0.39842623	0.3
23890.66235850039	300	8.937585488976806	0.0	124011	1994.633317063085	0.18344417	0.3
23893.216582503766	300	10.383361485603613	0.0	144254	2554.2240033731928	0.38533485	0.3
23896.59546689848	300	11.004477090888576	0.0	149991	3378.884394715036	0.3433105	0.3
23900.591509240407	300	11.008434748965026	0.0	147968	3996.042341923551	0.3473917	0.3
23904.647605667928	300	10.952338321447051	0.0	161857	4056.096427517976	0.20571215	0.3
23907.669436162058	300	11.930507827315898	0.0	145210	3021.8304941311535	0.21688819	0.3
23909.747593885626	300	13.852350103748647	0.0	172312	2078.157723567253	0.18820575	0.3
23911.24045463306	300	16.35948935631618	0.0	167025	1492.8607474324667	0.5310969	0.3
23912.942513029513	300	18.657430959865344	0.0	160064	1702.0583964508342	1.1957152	0.3
23914.180805233984	300	21.4191387553916	0.0	137507	1238.2922044737459	1.4214948	0.3
23922.421556157562	1850	17.178387831813957	0.0	846370	8240.750923577642	1.3511078	0.30000000000000004

