8573.774805008581	750	4.0	4.127748728925795	450283	4127.748728925795	0.4492371	-16.999319534380916
8576.398744742693	300	5.376060265887466	0.0	155580	2623.939734112534	0.70401895	-0.15000000000000002
8577.515338228954	300	8.259466779627365	0.0	139857	1116.593486260102	0.10782348	0.3
8578.583698959977	300	11.19110604860217	0.0	155432	1068.3607310251944	0.33621445	0.3
8579.620157243	300	14.154647765580098	0.0	163442	1036.4582830220731	0.8610653	0.3
8581.3685404088	750	16.40626459978061	0.0	318564	1748.3831657994845	1.1210526	0.3
8583.324994182276	750	18.449810826304965	0.0	352642	1956.4537734756439	0.71976805	0.75
8586.303694414086	750	19.471110594493314	0.0	437162	2978.7002318116492	0.49025935	0.75
8588.77118804516	750	21.003616963419542	0.0	374758	2467.4936310737708	0.5642045	0.75
8591.597833417929	750	22.176971590650368	0.0	362795	2826.6453727691755	0.48031926	0.75
8594.745912811408	750	23.028892197172617	0.0	353220	3148.07939347775	0.55703205	0.75
8599.932221148183	750	21.84258386039755	0.0	405134	5186.308336775067	0.6399852	0.75
8605.931644692524	750	19.843160316058615	0.0	386351	5999.423544338932	0.49518624	0.75
8609.51203930876	750	20.262765699820953	0.0	434409	3580.394616237663	0.5457872	0.75
8612.186427218921	750	21.588377789659095	0.0	337059	2674.387910161858	0.432003	0.75
8614.38420440159	750	23.39060060699111	0.0	366214	2197.777182667985	0.37995845	0.75
8617.196119558937	750	24.578685449643423	0.0	360831	2811.9151573476834	0.46516624	0.75
8618.915567965803	750	26.859237042778116	0.0	372963	1719.448406865309	0.48730657	0.75
8620.760433094627	750	29.01437191395593	0.0	405596	1844.8651288221868	0.9602042	0.75
8622.166719851086	750	31.608085157497072	0.0	350713	1406.2867564588578	1.1798389	0.75
8623.6827161055	750	34.092088903082406	0.0	386472	1515.9962544146697	1.2882373	0.75
8625.325723734797	750	36.449081273784984	0.0	399894	1643.0076292974193	1.3018944	0.75
8626.834052513792	750	38.94075249479195	0.0	401853	1508.3287789930318	1.327651	0.75
8630.321358103774	1850	39.45344690480935	0.0	874175	3487.305589982607	1.3682828	0.75
8633.449528623813	1850	40.32527638477274	0.0	897976	3128.170520036605	0.7933943	1.85
8636.159311809564	1850	41.615493199020825	0.0	905935	2709.783185751912	0.8300074	1.85
8639.179527382052	1850	42.59527762653351	0.0	1076599	3020.215572487316	0.8404404	1.85
8641.273163058597	1850	44.501641949987956	0.0	758197	2093.635676545553	0.9460813	1.85
8644.31461974722	1850	45.460185261366426	0.0	972798	3041.4566886215334	1.0562453	1.85
8648.007855771275	1850	45.76694923731087	0.0	975811	3693.2360240555586	1.0476995	1.85
8652.341773009328	1850	45.43303199925803	0.0	873429	4333.917238052837	1.013518	1.85
8655.954514231053	1850	45.820290777534424	0.0	954453	3612.741221723604	0.9423501	1.85
8658.285469099275	1850	47.489335909311606	0.0	885062	2330.954868222812	0.8944713	1.85
8661.69860684559	1850	48.07619816299794	0.0	1035329	3413.1377463136646	1.0652089	1.85
8665.515424032168	1850	48.25938097641894	0.0	1026056	3816.8171865790086	1.038325	1.85
8672.42081885513	1850	45.353986153458315	0.0	943942	6905.394822960614	1.087788	1.85
8676.464868680321	1850	45.309936328266446	0.0	728962	4044.0498251918675	0.95143574	1.85
8683.07614041005	1850	42.69866459853558	0.0	938587	6611.271729730872	0.87068474	1.85
8687.416034008702	1850	42.35877099988326	0.0	908665	4339.893598652313	0.7413065	1.85
8693.2752850014	1850	40.49952000718426	0.0	930577	5859.250992699011	0.73800397	1.85
8697.06696086879	1850	40.70784413979536	0.0	858450	3791.67586738889	0.7288959	1.85
8700.386464298765	1850	41.38834070982059	0.0	1025005	3319.503429974776	0.69546825	1.85
8703.759712459121	1850	42.01509254946446	0.0	886255	3373.2481603561214	0.78072804	1.85
8707.766162942786	1850	42.00864206579933	0.0	973972	4006.450483665132	0.7275573	1.85
8711.526312910948	1850	42.24849209763625	0.0	958994	3760.149968163082	0.8855508	1.85
8716.058960353324	1850	41.71584465525957	0.0	982064	4532.64744237668	0.88841975	1.85
8721.850356233648	1850	39.92444877493494	0.0	830730	5791.395880324636	1.0419068	1.85
8725.128573860256	1850	40.64623114832697	0.0	846370	3278.2176266079687	0.71246564	1.85

